147
1000000000 100 976806536
521038261 353335081
348613567 88446354
164370403 559895733
419042805 208348645
378994191 383057138
222713630 413202096
594516217 193764342
72601030 661712734
454329047 353670898
23724381 255119487
837862003 67966639
459832583 468498462
918564340 48891865
431184004 150121411
442963402 78990286
136022380 146488475
332083752 294833537
244787042 526464074
458515577 29785714
390567919 8605267
383143033 229962010
390892197 471554955
510559887 302525817
837847895 42378576
265126778 378958415
907047492 72071913
16501389 610055330
101551944 692850735
412554540 347947199
272926245 487302388
524652621 280539369
252674291 560748595
69053253 901147737
207348258 88036964
73921427 640879017
500257936 392319789
520309391 363421796
51625753 622017861
216071358 379532584
89473699 269551229
373037713 485698317
175669550 199495780
49906079 564474167
238751520 276922119
337129304 649737534
272753645 227716237
525012992 331126563
43160335 250762542
213046900 136858726
401779091 507202545
686189842 94194065
609764546 251133547
622557106 48404917
329501085 207398343
422911798 444845333
68633108 310238940
427717404 537258472
669703557 117687921
553669578 298608284
45120171 314492814
450096066 547935960
748702731 67332428
719645802 109918370
67494892 479699088
324282141 653983678
56739257 752154843
417939183 519998314
331112429 660236436
25112458 353361997
128504661 115512999
615237049 78162602
493036424 221268590
1236045 889201759
681504378 30025204
466953276 413503152
59815046 213729658
28904789 164534719
229820988 25704764
413935610 529226988
2948434 778099969
110916906 291936012
267786849 451150630
925838607 29990928
402513433 430726878
500180593 490264734
41627200 562383133
152924635 758018113
81182468 208066346
16009943 85271164
145256630 763803838
94339064 870080695
68167854 544930990
791717832 157546672
372833190 582883669
142197793 139360676
244748289 585904148
341661346 472098862
346912003 317443986
528118200 427823040
560596838 129879260
24 1 12
9 8
24 2 7
9 8
13 8
24 1 11
9 8
24 3 1
9 8
13 8
3 10
1000000000 100 499999900
2 999999998
2 999999998
2 999999998
2 999999998
2 999999998
2 999999998
2 999999998
2 999999998
2 999999998
2 999999998
2 999999998
2 999999998
2 999999998
2 999999998
2 999999998
2 999999998
2 999999998
2 999999998
2 999999998
2 999999998
2 999999998
2 999999998
2 999999998
2 999999998
2 999999998
2 999999998
2 999999998
2 999999998
2 999999998
2 999999998
2 999999998
2 999999998
2 999999998
2 999999998
2 999999998
2 999999998
2 999999998
2 999999998
2 999999998
2 999999998
2 999999998
2 999999998
2 999999998
2 999999998
2 999999998
2 999999998
2 999999998
2 999999998
2 999999998
2 999999998
2 999999998
2 999999998
2 999999998
2 999999998
2 999999998
2 999999998
2 999999998
2 999999998
2 999999998
2 999999998
2 999999998
2 999999998
2 999999998
2 999999998
2 999999998
2 999999998
2 999999998
2 999999998
2 999999998
2 999999998
2 999999998
2 999999998
2 999999998
2 999999998
2 999999998
2 999999998
2 999999998
2 999999998
2 999999998
2 999999998
2 999999998
2 999999998
2 999999998
2 999999998
2 999999998
2 999999998
2 999999998
2 999999998
2 999999998
2 999999998
2 999999998
2 999999998
2 999999998
2 999999998
2 999999998
2 999999998
2 999999998
2 999999998
2 999999998
2 999999998
24 3 11
9 8
13 8
17 8
1000000000 100 103784810
20869963 863040188
625969613 257317910
55941131 893862898
12315080 869606433
593563798 192155153
377427834 144352444
6595995 754114894
622910017 161801908
262271749 143262538
114975139 262623750
91026731 829828215
191152828 460255185
112818773 882193455
370074455 321368926
90130868 248638650
279061695 153334111
189807718 805697944
272045592 428867765
692190771 278061972
211853716 551312545
543431259 124380595
540843558 55966360
299079443 111949787
450312619 507430634
62469393 454517155
152554400 210877388
37660686 450391498
624461534 206968189
101817071 316298193
202930093 312261162
574417638 100858581
284191650 498585529
344012087 101315195
53189521 888061408
516871613 473198392
502691726 295668643
552316442 163052909
749835344 196910004
20668718 314408359
14170249 716413269
479244214 274954574
73242294 371139799
472162141 272240857
74230643 118742026
228445827 255751843
291521983 16359110
54698633 247711689
398574856 59926615
466676772 394457951
845640978 66600301
303111274 111674527
75114319 52003853
245448273 328609674
224758282 561782079
291944180 17909154
280349367 18015583
221626067 553766572
41700733 811575621
266223732 547230222
541244040 84157743
311221435 191511798
529123677 380234216
315255287 474981910
6974720 767998067
395355627 129048104
96250228 656133923
351267969 527617650
38133121 876945289
335088565 12664039
100650976 765432286
649027660 245557625
608153235 305423168
740042718 177808133
561885063 357143135
892965288 32675038
132534236 636342213
102268815 295862365
18345706 116945509
367432945 482857869
785784158 209261000
693572596 219546867
194029936 443517689
334846062 545873703
176737229 788926262
506786143 486917076
121818925 262341038
5870984 109288556
201781254 688154470
897370621 30401333
478981029 392232770
702394746 126479289
320105625 314385891
553594515 369192345
188717121 192741745
436885085 377433016
402678940 582701799
665539114 308999683
548962016 352309806
512125628 11703490
346555000 68332230
24 3 24
9 8
13 8
3 10
2 1 2
2 1
24 3 20
9 8
13 8
17 8
1000000000 100 168923065
23600277 963289528
255367847 563888602
358985401 215504814
405216959 477494582
442936317 255702584
412561907 173804161
11978443 348068477
785486953 3204253
158880889 99415561
665854724 208363586
182382396 290107910
905473318 7813678
924857392 25143419
438863661 67866309
76632982 609073087
88168037 425406843
440445398 89982316
481579228 371486554
242441269 551013675
895233725 54861839
31147588 808643843
772737800 152497675
290197991 644286842
277130658 4724832
105221924 208788101
430606396 283657428
390671828 234269184
229911003 416444139
424226435 310018756
531487529 57304714
232591877 293895839
322422302 250256674
312992936 131141345
228501136 414055846
255133534 596094599
411141012 579944711
14689782 559086570
530718516 169911143
5645095 157582781
632583576 69077651
475018128 461922849
441838775 298528628
30568707 408359323
316296296 15560581
27587745 167981207
168530524 729027711
332662853 199335552
100453737 789366991
361358488 599741873
39335660 410783286
324009017 448810160
503892250 138011889
376698152 300795537
335037666 535478456
4450032 941843723
389673481 182742103
807976437 183591423
357748120 406260057
346755939 175073001
421731552 247305407
564075709 233655996
320365343 512792417
919085169 72592927
151835057 259597739
64243460 786786720
131440661 185042284
209414532 315053166
14228741 155686232
426870632 102442311
129898364 362294894
469237622 278373253
4665032 349231421
38225764 461118826
169566799 70126776
265887918 653857741
79386856 354712220
859174654 99104556
150519703 207231119
445806033 415280023
79059991 361031527
394183465 14852121
165273954 813162210
86026488 287656538
465500243 205284528
489050874 376940759
290916918 323008054
399496683 42623397
472041098 331967233
343986691 418290352
6102132 323822374
103692769 842640711
360335388 292238902
151220740 372664515
57069296 258924847
325780022 196189573
178606647 419709775
107002152 479093743
58430103 6880405
727467395 46701582
103405335 817949557
1000000000 100 164658262
473009910 500040189
185442993 194912471
437699461 418627986
550773083 385140015
123458728 152819932
874891264 20261255
164212793 444395732
361556619 29527470
473239531 245488180
474976946 392707480
216521392 658462392
451003767 106861648
211369096 484704899
468981098 137648091
235046991 269347912
174389352 723087504
46816491 29613047
143400787 452767232
358065213 127625400
113845374 129792905
532623417 193487154
545580116 14855562
208951452 181543558
642858344 107030976
261483427 176820463
183618457 775283890
402088996 489550080
346221175 37256114
609064087 22587710
530307274 164112807
611317312 321106141
279556995 210062964
461605427 206610183
239086226 509088198
195096901 634078058
173059989 625535197
161997120 448868307
713862558 268918457
48317415 451124359
129164961 365207553
306500134 263323976
422101673 558056102
22230474 93971127
282088622 315618554
410861010 441894448
565117155 369195913
673796216 127542593
607429239 40731841
495620571 349942303
189268624 595193117
786976463 17071174
153941916 661301039
191640220 369743421
593326206 86353578
429865280 168178807
418248729 220527436
572051438 31235827
69710088 137233930
223720873 15432015
99879842 268016293
91934344 210641172
430704702 382138254
210994380 345662291
238410205 495088980
64837397 903105883
64677397 377211207
337346015 290273720
507620476 254909912
231972132 286611045
249642940 292338102
712063435 61323503
2934655 12373698
648844562 298477458
518360813 24638345
742626509 198098233
196355997 442108232
634120283 163967664
220125631 168042051
11829096 901961645
280654263 417581581
181562066 44640500
27014171 851245855
930160015 36514060
408466945 25098249
101711815 486625807
227761838 247873795
406453623 8563608
416442034 276252454
285153562 648113759
350333806 411230004
615647714 295435671
835085621 139575041
654384573 219676220
256632293 118517148
30938904 575310676
49248870 728297263
226212734 768001574
725394694 120956375
487436197 16696141
751164631 59123862
1000000000 100 17903275
157224192 825306560
494573632 6135951
239741959 47281379
388533553 139173452
346854468 442644367
432170627 391366668
126519939 237261048
171047413 433656435
273725917 471477286
121137091 472775004
564740668 168509109
314285966 198045702
596036007 122906838
363895794 502305738
531311150 202497467
157228873 314833885
85468721 285173249
575828638 194653462
10925917 765919064
424576373 515762952
183368673 478291945
106591941 265212505
414055269 371273315
20102206 906203227
630098639 147478944
287995463 534460442
435445216 518776698
686278117 223792758
158339568 31066408
149372072 748118301
157428216 14251213
164379464 534779720
559812122 188440457
176871868 250960958
406427127 55027498
184615792 59380255
451106113 187192941
193682357 577336691
207073218 605314614
598559474 95585775
125049703 764357937
768612379 174845591
557029924 335705005
942245893 39669137
741656974 84015066
265154100 486138592
386121352 429308642
15997491 832932688
810666417 13338480
590942554 158844332
29122355 896005276
579098073 219191364
19850887 49844310
77512301 192809687
626049509 204234429
50711265 289106775
145247002 145418522
271848123 309156389
140731774 552328071
762021004 124028486
364019009 286056926
786468959 137068083
759078207 100852009
560933779 428236095
286298025 524701495
576210134 13980941
499947228 315385525
179377505 791140155
374138271 368645357
4564625 410566467
243852998 512871776
109524219 889095018
189000587 541668208
206261779 449667838
347696223 464965125
137703933 208875681
375684777 101795153
722998053 80970937
269585747 620802883
175531923 480592108
373603734 214481773
446109807 300192307
119949317 381731428
623646111 177971761
503983675 346393179
538303139 388799323
227016552 772284584
234063265 756771131
461099090 88148477
213375905 505559442
550178870 42261222
488314 333738383
333926604 203626606
343194399 619896511
16187135 381847732
29995116 594682868
521118330 406111680
486383187 70291270
101924201 447297402
172017611 313036122
24 2 4
9 8
13 8
324514466 13 122092890
70649550 83403214
18277483 192521274
208524337 686231
84664073 73643127
316330443 892369
140326193 83669771
134570737 84741406
151376782 169589340
93727831 118430188
37576231 8339317
76853485 166356651
47759485 21845083
112109576 139881722
1000000000 100 23598347
365001595 193156630
516135129 123645286
834645227 152539755
393854315 168844342
895553956 27782696
509087050 275783990
30903006 444421
198137908 736129363
635254250 205469129
458078712 7407331
81159259 363544547
446564169 347079030
541317048 49615694
367216704 411980768
197314790 479345014
337234797 350581078
542811042 204038148
377725326 269016806
186464371 10852689
250284765 449459899
586602052 362046268
42705489 258243792
311662195 643204138
60929820 281375354
293552821 213925070
734091334 260400676
171009953 618621536
96026021 451876664
287597930 415234197
776171041 183535652
482727451 97521595
298726372 124180881
837896537 154919295
39677416 927251276
714580973 100563446
364322999 223642889
296722052 562016369
30359910 116054107
73200249 356561496
259954770 667205437
247691813 708115819
334038137 520770809
319506706 76810219
445245448 341630307
20480295 493751241
459832900 166552916
186927496 55448116
116197381 630600196
17756715 512756795
571390716 119560954
580436638 364969766
221602276 321857927
378762587 406124992
480675253 274614950
514675472 330094213
314931924 424977910
397755936 464565595
229807901 414536985
22061074 100000285
323377968 372330249
187936209 296060012
385978586 337067191
435880631 407749118
415085644 115195280
240400175 370086511
176616451 585940480
81361880 666478115
218790749 330884808
106691805 260289262
561034134 157039288
666459008 206106570
751337767 219504082
121248189 184324817
35457012 535183704
117786133 95355216
39337990 483590892
415425786 463701633
440150095 479081319
270237659 540093840
412844859 133358180
311178232 102412876
658548420 12215978
129448983 310409232
372074439 159900069
141501829 125963497
426659184 16108642
471803971 17642806
73133515 140320337
653261368 250050531
554028255 372540138
71434208 438140530
591879406 206247563
173529368 334093079
836581126 9087378
198070115 46818654
519966375 384816574
277293586 85825688
563361922 288481049
498321556 174886081
534584640 180804345
1000000000 1 1
1 1000000000
325783571 16 226240243
46899379 142627517
78002157 99068198
146291029 138970376
61055432 227294776
55212779 186966922
110627251 179941516
11204712 310322654
53476428 151037744
181523390 26761463
238847151 57952823
56521748 183914840
259132785 42485844
116058662 145351897
166794504 10955278
102070732 214548341
175296524 114316218
24 3 19
9 8
13 8
17 8
24 1 24
9 8
24 3 14
9 8
13 8
17 8
24 3 3
9 8
13 8
3 10
24 1 7
9 8
24 3 24
9 8
13 8
17 8
24 3 5
9 8
13 8
3 10
24 1 17
9 8
24 1 13
9 8
532799261 72 390243143
168866824 339523822
41135308 177927850
118896576 357002920
149241589 268190154
9218950 341355711
237453089 293076707
319897813 38717455
196520315 186366273
1383054 19651631
25529555 321829506
5110285 463923231
3958087 153444835
282467774 197845856
303437464 98681045
188742712 153521343
74507669 96712238
156038417 300418523
394223230 125447506
156381445 130654737
4576726 382072972
339095112 11975514
328470125 71464134
225123194 99135296
36120276 167303537
166467622 16217335
187999395 113775369
120523892 315171882
4139837 4235465
80242424 200323609
156994357 263907736
63318741 132813148
450653974 44236501
37762111 25600920
148726488 156708113
173103503 332857488
263568087 228767441
271345364 66890057
76048400 403601954
306485912 162581821
95752638 28776904
62883719 380471423
295590848 42398346
398519535 71691975
137664724 338103875
237071706 159392255
23722610 40624682
287850056 154506533
56220262 78477182
501642670 7124736
26471872 216359506
1402093 298707601
339981410 116700698
191090814 47699807
280719518 152380932
211892945 306712751
162484694 64356386
16622045 364879018
365839379 144582012
137026361 185415078
356460124 28205524
104167130 174589163
185743880 55530101
3142790 231288993
79403749 126302249
102457044 410966718
83260699 262949533
91623903 249131747
15372103 317435565
128605545 7029924
193793806 55247004
6574064 51840909
174495764 266574763
50364334 29 17574894
33373676 16129967
16632270 8063770
18610057 28691472
3922247 29477775
28499805 1936325
31548058 2457259
10667932 12816400
16502730 7600676
40412772 8664580
26552633 5010083
17707557 28528852
20900420 23779284
18865737 23351889
36926043 822695
23928886 5963279
5145886 41060364
1321665 41566316
31431100 15764290
1862660 6607518
40284967 4123714
283276 49311820
20757349 25663129
12055845 16404126
2149418 34851763
30718139 15924617
7043816 6401993
26935138 23345632
27200080 10182842
5842448 16048168
912550384 67 595504379
381648599 500297541
536030086 345010436
158761568 466806631
609841356 118643261
32177539 534008218
17326415 215358096
747236838 84214292
266532412 165463888
712769305 22057507
432640548 374275699
296985477 545550328
78308478 12132852
279592362 626083473
148676893 236098677
62882995 372868681
255057859 206001635
212273139 345399373
125588553 110472152
464163667 14923131
643075958 72155819
575707560 200733246
242870147 275838299
336475312 511555577
425438373 354905032
219357928 350419178
220458773 402469340
12352553 600248736
175224168 589635626
91706219 209048725
128809286 615041314
363914119 172959164
403683477 365851525
336238904 413838576
441059755 469324228
24452841 880593914
484321435 216489194
297666307 1711928
291484150 357391570
198772877 555112490
101568696 441419498
736534648 71508346
276842925 352471976
73899569 102297802
154788676 741810842
833709910 31615107
346230820 120629134
251518461 394617528
79920686 579378097
25187115 399421152
481402861 415290614
307472686 482346770
87748290 339935731
303263466 112030596
303692859 554598892
277787090 410603122
253362823 275511906
66410316 810513284
695329990 135054036
74965012 826242523
317871074 529390965
170405187 407228488
663375801 23240983
188036835 581149082
451789605 197448068
55318137 511382288
138592750 249320748
229133229 295454359
881337773 3 532904995
19842609 110799837
219441209 510382429
346237243 264854787
24 3 19
9 8
13 8
3 10
1000000000 100 913697261
259325186 138939221
29347054 636233540
826907700 54309948
561943778 283136895
865867191 4970456
248012798 495241739
73873878 241777318
732090795 3074842
67762665 124062522
482962966 191320854
579404580 329788037
118358121 143892861
38765171 599070313
8277520 476697547
392404723 10681969
564208906 308070299
177585070 676230281
324565858 183470401
575260424 203121560
199207770 462287754
81141558 31071350
396380150 134047726
48521404 821532453
501066272 442025060
119064320 698059426
434438168 549396588
202194234 99964130
675868878 97605353
297617941 547762082
408390153 49620956
588176233 33627507
522786990 253947730
675113418 190658251
15531462 748578705
255913799 145839774
549993740 104908092
2924595 105372701
170140445 756470034
33005598 277781095
192459362 326123806
540224519 150089035
220568895 307750891
254121749 38964113
367337374 146528508
266955424 307238330
135451557 343633336
492611086 415001865
613685 503052653
28486359 279123954
484038561 451020916
298619557 564649221
71644854 84687175
316486799 561017978
650556908 160996749
280650387 110256762
137812001 267285065
463010526 60036433
648947269 25175582
9348184 58677222
795726126 61341906
187011899 433313228
813307943 11180810
217539468 29560782
85948593 789824664
462627024 238678219
549663360 253839509
162981560 397389922
181804980 495314559
43666533 786518941
358447283 183606917
22787492 666817925
145649785 234157718
305593357 469033466
132705649 319602492
13147633 58858525
355450605 112806864
623439076 160127024
64913856 294097474
182685061 234927802
170145236 730482161
47629185 209663309
289415487 63052604
284402559 140453882
131726526 77043901
8441529 235000512
415208631 582569577
308263172 589269886
74698202 115666041
448394880 547706291
128209220 788136602
51540661 691871210
195639173 481586344
329532660 648382159
509391158 383688424
802718784 44314204
122752245 285855228
453803352 130040882
86701184 809685544
401296204 285640968
311181063 100369458
2 1 2
1 1
24 3 12
9 8
13 8
3 10
24 1 2
9 8
24 3 8
9 8
13 8
3 10
24 2 17
9 8
13 8
24 1 19
9 8
14292487 99 7815432
9712347 3991897
5562310 3990894
679693 10713248
555593 2156053
3764554 9366908
9251379 4477363
13401838 451861
2864587 3762600
4422863 4165199
6123160 6974040
5223206 261039
10291741 3180086
2648469 814537
3953076 4682785
5172267 8836155
2269209 8250964
2321195 2765695
4855351 1430282
7580926 573961
673563 5771224
1210953 3186482
1563113 11616853
2489580 2187441
768042 13268096
1476895 4149385
4121748 7443872
275861 3441508
357773 8732041
4379561 9336611
3411466 5438973
1930107 1687369
8420565 2064880
2632425 9931609
3861632 817340
2717766 7399902
11420198 2476695
6058059 5486037
1298331 4409626
7413323 4983403
3059101 2888388
4112019 5674735
225343 2186551
1454479 7430909
1598166 8776645
4601698 1146657
1876970 2308033
11688944 1787775
9139900 942107
7219397 2288835
136917 787345
5046770 7112351
284672 9595155
6886384 6699430
7728640 5922855
683963 13042707
1249204 12717980
7575116 3727701
2077283 2005074
1635343 4274736
5136596 6235359
1687933 3622256
6872073 4541370
917966 12832489
3877967 2442175
4843176 3933406
207130 2243962
5856779 3936580
5149678 2367259
5514397 7452923
1961772 9746844
1939878 8917153
5080562 5525318
3211424 7323826
1594293 10286177
6036319 7550411
5344723 2954447
2113091 6859651
5339709 7007947
7656133 3815950
2080019 4982555
45977 12214363
4347290 1241113
11503306 423912
4448674 4784633
6262699 2129737
6683473 7138410
9245125 3659028
4519268 7977762
132287 3669767
3843569 8737352
3348323 9702677
6546315 6956230
10331617 3292335
3416952 10526125
109818 4446584
2310280 10583023
732039 10277793
11756676 1205367
2834415 10073713
24 1 15
9 8
24 2 11
9 8
13 8
24 1 9
9 8
24 2 14
9 8
13 8
2 1 2
1 2
24 3 10
9 8
13 8
3 10
892931332 87 159967373
330685272 268520895
365660991 437873328
347762305 170107980
475835442 278331222
568690353 304885731
416316339 261232919
371097366 64327039
10270513 153352629
33748459 203642741
64439464 557032213
295195810 99969966
246903591 536921619
223372785 571376157
629225188 9493496
73053006 520960622
91101192 243486294
32238114 265157558
45071851 437424509
335735919 365763693
413839842 2553323
445090039 212885768
260277659 192551957
12960807 526298138
196016446 214026300
82523385 736515844
401482685 447020653
196858471 193048838
447628154 300692896
208380297 500451239
812168093 53377159
68541720 382764895
126142021 640345338
323637624 465638989
248780812 351309255
445949517 277806555
134942494 376868408
200287786 85709079
326317018 39434125
305437078 178452546
357822721 72975890
409594859 318300214
118898050 461855881
3794384 372154354
468916335 168751147
460385839 242064007
24769174 837447234
275646546 549460477
141640585 385839017
190557636 675087406
531400974 359832680
342803821 471230344
164957378 518934673
388180584 252980193
234069630 359121357
192490856 288220348
519705946 178204106
482741160 131583603
71803134 491435666
31292919 371816317
653473985 172766967
398770461 162712706
567085529 169480509
413555738 84948791
553137936 146860495
117015511 509148817
320489117 355061218
639879822 22283333
271503452 272800790
514730585 87063258
470402249 274543450
2617596 372776716
471663168 292167943
567815309 1037165
233458850 586972037
146148988 51113852
100667887 662448656
218124930 205485214
36894837 681256017
332828971 28971539
541043122 141625892
514845616 165862525
83295347 679414168
172965380 122338306
544789 763656390
227293784 266702678
112616645 25944601
61119404 747112131
24 3 7
9 8
13 8
3 10
24 3 9
9 8
13 8
17 8
1000000000 100 191648595
226585781 419834331
606453849 300654431
455122187 41567735
795558147 151916543
121375221 873171820
647147029 337713584
223904498 609185928
191900960 167741520
22867373 609223193
523322402 413440996
250167097 268745803
244660850 189313894
30872361 866923279
689681773 60834365
779785828 48087649
651739361 82099217
139710810 705420394
259712449 441627818
289433973 683957567
336007986 336312240
90478407 650696163
17982734 920216511
33623387 205579266
778417596 41767138
30085017 349512635
762261127 212947153
358904631 459953574
30912132 876301259
11958651 824157351
629452660 238338695
52019774 257454241
327073864 393326454
609258835 357371227
306886918 399965304
351414982 101971172
280384522 588124542
299565385 48875036
9263958 493066672
486732799 513114725
563445126 49150645
50245289 15021945
317751050 326773385
458223156 232275069
420591548 388732495
139381780 305023231
364306728 65175686
35528707 125870191
107322090 544358666
600878221 340198641
876289204 83924394
381800641 515214063
318978643 132415858
59788837 3909842
129258621 214376000
254171224 4708887
82246552 429487074
87044689 127877010
764961267 68983937
244750436 716689922
36868915 443568231
453514217 178378182
382764623 570790309
285121172 239299983
769908242 194939534
174834749 226311262
499002238 176479220
160548625 795385132
3393479 878919245
293734607 104094939
62244236 537953487
348387710 547877801
504088531 374793892
149206757 752260268
398020407 118690627
7419753 601558666
692031170 199169583
843071394 85324423
88914348 791308695
78245383 511026728
254810736 641994028
522368062 431136567
555944296 197355414
265106453 676501490
415934118 190195807
21345456 284404903
214441906 503992095
102892063 301276030
162797496 313074831
79629150 377384915
540552142 444397648
609626206 262222972
568683569 88913532
397115651 361920976
200961855 788400196
269210326 25998209
329672206 485628085
645044924 299941041
150638351 662809702
176979747 55395931
213730240 719205424
1 1 1
1 1
1000000000 100 436441961
713450345 10857828
37796812 856279429
543302141 149100064
85086424 19035351
534318140 282611696
658065269 34305762
525506786 356486130
1341543 796701985
337424680 90802284
42378234 306178458
218569661 527519044
630042989 293463653
122169254 9909428
233259673 362083450
142538561 752265828
364338443 327665080
14557477 659093001
170605167 424754859
415356763 480239336
992103834 2508167
230855573 520547103
109224413 430027578
622946996 305601866
682116498 73393016
262118253 104363887
313454884 177491127
125657814 589263167
90046522 236823855
92557600 771570095
319752536 191119300
587154058 378527200
114860118 691996057
356523826 194024221
31730563 75563885
583576625 245091695
295059043 344806934
46293095 602980227
388183366 94361733
636598208 279343367
482101651 194361444
197248630 305735156
128903577 304725743
234418154 512443630
64418278 117479606
220984585 469085050
265456180 349554996
6395166 442716887
163597786 403713507
375688065 313187796
358646563 26920635
772748071 160015366
533929690 395183167
453641149 468123831
820198530 132776586
241164946 736860167
419248204 196599766
55746710 192490081
214772509 11105765
373100925 375793922
120281927 727637530
337946164 312624810
8123600 166018478
566569502 383243436
445280332 408710405
162629349 675501882
64392776 786108059
147575336 358202056
72648467 339268687
124555480 485925862
346883612 647050322
243918174 719942071
203159101 137741791
574659126 273932060
117188610 329166103
215025690 137137590
495817451 7221757
144576610 662855760
59106840 179222918
169409710 637183044
108034854 132507362
812028994 28462020
400127247 242705136
431371618 4002239
174584550 636389150
284440093 312254776
5318877 498325308
155794914 10262423
37819763 71630353
64564285 748815103
540168882 214968001
578289458 174986706
242073427 604466060
574229053 66762798
35223942 401414985
100296478 333187971
9302894 248388837
431179559 53613001
18273301 29663930
12916968 704534160
21126643 439447042
1000000000 100 711252981
412815827 280399732
458800759 231570113
634330318 188660584
315488245 164644683
350152530 374753311
387549880 526006646
31725157 480291318
43889589 176950030
504616737 344291783
27967956 138277880
763625730 123719546
233525831 571270129
2438493 140140120
391884084 316877237
210782257 15068506
622971222 316959334
439981227 450678860
567257201 319394493
152009186 443407121
172205066 389974667
68336856 552680122
415885303 216440436
176169224 29379037
647956147 75061170
61549823 512539262
12779882 495498642
334487164 542643200
254613004 483930283
221108734 616506198
169085870 419258808
5421143 388592411
416140117 407422189
230723750 711381319
281914566 457508256
563258239 244067761
101734055 656104995
105365571 59855024
48221559 722890915
327613193 453189697
699489383 106133361
41356593 11894450
38983329 296981775
624066333 135666144
226968616 605271554
90340899 67532558
241994787 38679419
733594523 241148079
153508808 92030825
366496029 295109196
473245730 174017501
121821137 477840623
35067131 612717810
850589448 24866118
245267723 17621108
520430225 437799820
677549533 70207966
296596019 177212600
41684022 419962280
105174749 431042713
88507179 761733654
61171835 647424258
131925176 315932046
186977572 720689749
269586025 269297077
218941747 78918267
40254267 345349606
149835694 100942403
581325585 378172080
334969691 566604767
252369984 64150944
104302348 94333657
747965406 214626552
633163411 274798439
450599521 61982185
278910371 583824571
450579510 28462892
29618629 395688292
63825547 171724148
698659494 107696583
224466242 62768029
667587445 214055225
534479865 93797393
297327864 677746027
44300512 133450210
238718543 456897047
634611833 35679947
132650395 762769490
750473758 85269476
283043165 412774023
542411582 312971362
167640258 656832924
151537855 358085208
63883925 485185355
586423588 406743073
213446318 17775344
595994929 45929571
46332674 379367461
713776787 151291952
330211633 561107736
533079331 237961527
24 1 3
9 8
24 3 9
9 8
13 8
3 10
226788077 62 4829809
25287333 90800525
24723739 167138834
27060622 77693016
15584419 129335086
162597937 20839805
102415924 31369052
1155611 25551747
58566490 63460040
119845794 7901877
6874295 68154933
111274681 38516018
19351091 168311457
143401962 36142496
157552681 6140161
111467959 30866337
152518882 16066674
22839479 128823421
24327093 151602269
103887481 81043393
39671371 106529608
92269357 12572180
134652897 7000697
97491126 43842266
77564136 91089236
89984366 60370720
24681107 51795430
23424037 17068517
194923329 22718407
212834419 11687499
42397766 61965084
22271815 17511006
135331250 26759887
115124195 5608209
43074036 80597951
31932788 22127253
146522559 77231233
46789367 60352203
22370399 48185322
37239992 183090907
62575161 6446018
101613237 2376974
33871871 69074020
137563774 40439071
104594874 102555796
40569456 91793194
95591032 99559053
80183203 102495330
3033813 12644746
37236168 144315362
61172919 111664251
19748525 191509060
142992717 19734269
11375211 15504866
148435026 55115828
102258533 109565184
8938151 153783663
48482794 143781799
3796388 116780562
97806635 23924192
26206844 183873716
176097153 30564560
30603506 78948275
1000000000 100 879081435
4769415 498138725
540869422 216046166
381713280 45177178
166306485 92713552
531311140 311767377
318797142 32958196
428901752 292207316
558165680 90962217
171495273 406933011
686261718 252723883
81562942 839688996
350136765 96442502
908213 467728030
76441812 833694875
448664336 48994566
244594786 705300168
584956163 320572988
232454898 639162696
2139594 529194447
238014910 745668271
587843128 42341102
358172534 537386456
536997536 342928107
29318504 844866150
95253399 470964496
193676358 157728799
277034961 75370077
349846706 491475628
750294955 31503902
651514844 242418412
366118777 619729581
360566695 502583665
226896207 704486291
1431307 490501868
63949297 510480694
76586619 661487903
48980180 684253758
414741559 65244411
368739998 410763792
528728301 381081704
109000710 228923110
14689599 557268650
681987511 115224279
77076075 769482878
349939246 632660144
435989523 495076208
351133358 490280435
220341758 610306633
371639410 431753873
14525455 797104090
252154280 631872409
4124734 119855528
773034470 174155030
169805242 412687947
648626093 330489183
327273781 513130449
704386583 205493372
90966247 682799466
917754543 11883343
10583619 129578106
61137593 878902255
462034864 504304320
353694270 40542474
44852878 75572610
308102465 257014876
70661819 457253052
600660344 173057580
419849637 170858586
343983241 343555235
721543603 236390773
33182921 731404427
132367262 582975265
804595781 184795888
613735196 362622249
64976665 723055920
875926572 8503860
652392976 315416114
377420377 132626813
803060550 56572246
291741516 600661132
275838765 199940314
382978619 56824348
493947055 415399332
732879229 191224247
114868235 670883612
103437845 802667381
417577182 21193566
962541015 25889257
618497785 95264251
117605928 274456291
701051964 174255884
350548920 10799369
315503411 373396153
241032491 676017681
125924516 673763369
143227760 114505816
461275819 100008561
347892054 463457108
604721292 72378617
115432864 123294538
24 3 2
9 8
13 8
3 10
24 3 18
9 8
13 8
17 8
24 3 22
9 8
13 8
3 10
24 3 12
9 8
13 8
17 8
24 1 5
9 8
24 1 21
9 8
24 1 14
9 8
1000000000 100 792935619
305687044 593022327
47592817 816484531
919336734 41752924
633702259 52426990
116204157 392002974
811775534 107964212
161864063 428646964
707357704 29716193
361854636 339884709
72507095 611596173
117401786 875639371
138234451 750085552
385048458 380564504
304620215 666884784
121759986 589363170
498064125 260217941
155692570 319865899
277313031 306651640
226068504 109041311
284606222 283077901
250442443 722041281
126146408 705262843
348279659 435224627
553599333 201431704
197247364 777597434
630978070 78278297
503680669 139445853
152899287 97891625
86821321 847695821
620378961 63396172
113572779 395251070
684699399 21711747
957382839 9519660
156057315 454868110
825174822 127346799
181043683 106463019
154111510 625971426
467390390 44431976
676535373 123455767
145552820 797197664
255563462 719645556
13331058 190347416
228163712 764705938
185086863 513705052
166553852 254024354
372618580 148692801
740380225 183494118
104456469 160752144
507878237 337440351
359574980 507055609
410378793 144834810
252235015 374152250
510011531 364502698
321238713 339658908
190768854 677124457
109551388 268522218
853852443 49562459
126334926 189579964
178293346 712152556
213242407 616569495
99897218 390664201
359311636 411016049
90948182 344615220
601180051 67408023
507497667 385126661
366089840 594632063
989480 811068184
676619021 146164323
214919187 466205341
835034675 56386702
296012827 564277698
242682063 264010727
229053311 572343762
339399574 531458052
571657821 46899343
164058296 348864422
534048060 155652589
283978575 296908034
236339790 234841661
496608351 282095970
25311497 654253041
511904629 276779443
372790687 390991164
675300630 319982776
710097754 242907889
748001227 163075805
227953051 522109346
2353621 487059062
771449838 216035023
52155351 308972083
72713646 664431739
375777403 366210889
295958518 563905993
185043998 751999545
114264745 665764180
33298252 855964351
97308862 574423750
214537182 234696473
270450687 574642558
467245254 431535648
24 2 1
9 8
13 8
24 2 3
9 8
13 8
24 2 19
9 8
13 8
2 1 1
1 2
24 2 9
9 8
13 8
24 2 10
9 8
13 8
1000000000 1 10
1 1000000000
24 3 18
9 8
13 8
3 10
24 1 10
9 8
24 2 6
9 8
13 8
24 2 2
9 8
13 8
24 1 8
9 8
24 1 4
9 8
426462570 53 243521028
215563038 195947440
292787306 60680704
6695919 272513120
135083892 146621977
72367166 289129862
285351675 43860700
351991186 51502835
112784758 68311727
17197969 92336506
255637443 149480605
51685893 113459199
5866186 147510694
58188160 119463701
123494539 96967864
174897267 94589860
20737740 220133394
117559102 223221545
189629274 50546712
322789412 49068742
6714050 21912123
121225487 256392418
94044486 21340176
46003449 221983941
15254065 193805321
339232743 49192969
275161599 45995661
274302887 80723060
59231457 182202089
191626821 150154640
207090726 101684624
223779614 61625121
193625506 28232386
6396543 379788912
326698426 88579466
182646033 39982348
154918083 228425351
310968572 89658668
33468987 102536188
229602407 149855667
198505421 78552091
89729653 261766632
114343098 196639417
235954869 160810708
225439675 150630510
98362370 190218497
55071805 153637176
40467606 103994957
300813501 30169485
308199260 31798010
157698796 168191770
320974579 66743678
220542652 85089602
50921347 329413273
24 3 1
9 8
13 8
17 8
24 3 7
9 8
13 8
17 8
24 3 23
9 8
13 8
3 10
24 3 20
9 8
13 8
3 10
24 2 22
9 8
13 8
24 2 24
9 8
13 8
521749501 97 140153706
144173524 376401124
387126769 111407123
443050588 44754127
24575316 404387332
27155620 202101788
274933568 124451204
130071799 168653221
392333105 25779009
249122040 151545412
179742378 238988321
76781930 245790357
200010613 110760309
47221017 182563406
62270494 364532180
287671595 95778384
496607387 24487054
427112797 54008802
32253051 390301173
9115279 46522045
92949280 307611919
289724170 199899554
28161741 56511752
63875212 80036623
252857306 204469953
331975605 51222188
277458603 106190883
285839383 71118952
176190481 35979925
171538270 188984042
7211820 81009472
515366683 5236349
96243709 243253382
198861877 236284413
227045572 160416726
234401515 58867564
212708227 55021951
75875471 242843570
35608587 483677173
177651396 58720658
73647284 80332278
190842904 174651428
360981385 156214888
437321622 18447073
125310448 163312758
29924447 151584751
44964191 458743623
75292617 369060423
75132983 172486891
174498610 171003769
198330026 84650588
145056600 309527758
258708033 229906109
196450386 175643080
37077636 466269424
331525065 118581723
79593620 3591206
18830308 306167273
205140870 56273379
229391554 68238990
90631116 207096707
60133606 401910156
33091876 313273353
283510844 81801979
231962856 137570924
195102855 28537808
102184447 358041290
173151872 94952424
295829137 150002820
185698161 215388398
90971298 151989296
22182157 121442178
219650085 206694739
22040487 44731893
431136660 67560636
223261171 269710062
70520884 134300041
404335157 99827637
395406044 119117871
140065051 211420337
217753229 254490660
321808702 157756087
193675807 294369106
266740247 116970042
42356664 115387605
208028147 153647345
467814983 28728786
299012831 85960866
14609384 250381497
76545098 304197747
171353344 28582890
13133995 191143283
315914384 86814053
460393916 35476027
95518545 355616810
123823201 174082989
211236800 111954161
275471498 93943832
24 3 13
9 8
13 8
3 10
24 3 4
9 8
13 8
17 8
24 3 13
9 8
13 8
17 8
24 1 16
9 8
24 1 6
9 8
2 1 1
1 1
24 2 23
9 8
13 8
891720730 44 531434150
210840970 508078933
476089836 377068261
447062971 146790506
339804556 497720030
181601640 308785956
91942885 600405013
103161813 303126844
37606467 121328977
377570718 393026639
489656989 268762744
494900618 184088604
697173941 193677016
20641225 73784075
510412616 301487629
486915992 268851775
126621219 471145134
627080818 10541377
18350508 93985460
409722670 151056065
491198450 217307218
248027889 20860482
70107631 520337657
91301380 287254999
390536119 124125258
519293175 77897770
557754579 308994658
158206254 139335583
570128515 242644971
28670202 110767623
255652291 462528158
206709777 387760400
215735334 290678706
666521901 9364549
491529973 22522403
416764549 20983064
605023031 149178882
497013891 80792498
415896620 328592866
435923575 378093341
75690398 161445964
338430073 424116357
653681358 214374862
9068576 875090261
345596552 342869641
125352171 36 106880429
95564821 2600297
18262517 9630543
120102025 4582196
35885986 13454280
44660124 53142540
58110333 9131912
4732545 58877748
100056246 24495166
80863928 1027946
32673509 58414579
107453488 14434373
97835555 23197720
27031812 27601817
41086661 76885168
491384 40170866
182957 5545658
77978455 34434108
5097133 3071981
61286778 58386649
81771355 4931546
80537319 41734423
16051273 55779523
6408604 105289864
16384938 50078296
7938794 73898211
9540054 75722806
5124639 46499505
12444949 63010498
2472804 55423938
40214282 942713
32790088 11407774
44813272 45389089
8010163 65862784
17862914 29338522
39858470 15481548
16637825 99835335
24 3 22
9 8
13 8
17 8
24 1 20
9 8
24 2 8
9 8
13 8
57792034 9 55996841
15360764 1326619
6180502 26078166
12688998 3206823
13054997 9996945
19254439 5478080
20475965 19366762
21564453 26735586
34005785 6749051
27104560 24718313
24 3 21
9 8
13 8
3 10
459414655 89 371959856
30666695 380368590
108540689 147279283
36525071 49609804
163481234 122405479
398666575 40035784
162774311 275854869
28063971 335752201
93446509 40206547
66172428 191488208
382625626 64031487
165951649 258701540
34465920 397449908
336025504 41947778
256611770 52372910
258071263 145804957
273317674 2287358
22171759 285902876
206293877 7130290
128997585 16041478
177759346 181470116
85259736 94606473
190363960 108319497
95489888 347553465
42416737 114064438
215343361 270933
137649266 169253628
70034265 252834126
167177362 249536869
136452228 268930908
377049153 64255739
255724979 17245677
324922016 23748026
116801870 256393888
188235672 1209623
295179190 33864104
41753675 282844067
263542380 8363752
77506948 365375435
98406810 313494357
121688883 43496069
15884148 231153050
212755221 84786829
21809482 256026279
303372550 77426879
286963174 8378198
18362084 202906382
34116151 366565439
23884903 247762582
196585832 16503855
143755183 269708878
66470561 77993311
96431267 188718840
72718301 170470779
248418852 156848835
211044823 131792822
247681951 16289126
184620040 28013450
73550957 49435762
241577969 121924266
126030500 850290
69278473 368292809
307519696 36166213
271595994 111954991
27967019 153889035
53129347 8014752
280722817 85804751
197214750 195234647
103643817 234440172
18344103 135216170
14901467 292718647
287542067 42259366
29412762 100405871
238062690 80391467
16615920 61427009
93530344 221581080
71810918 280621594
81679916 63007591
45382970 303803896
104324557 316793856
206705497 262075
105390067 187436252
43221471 259429930
291011182 112908510
75843995 241039560
263200799 21282072
39368854 223487777
342621001 82997372
61061317 381838430
174038287 176505021
622827249 94 159891489
195528429 282191376
121730394 304064234
16919582 16586417
4987523 494677057
530760233 4404985
142103850 260493837
422187692 181302792
392716416 194560887
123998410 433355472
314066141 260369219
419824320 189777251
86144600 158015507
149539115 348282486
292539059 206607392
187955565 118918443
372351950 5652743
261950421 125725774
100858689 92851698
61663091 538877535
50738359 10004521
229852503 377835223
106358452 220148814
163245493 128492823
499866220 103768106
234748873 84773464
174698657 202656298
280976687 120722560
293050918 284061946
31870419 275857148
177188469 78845880
97618066 85408619
72395128 26386205
207867591 225200799
147800902 235384104
25967097 379177400
208015782 265720937
287661952 65136227
342893004 47327872
367139629 130679960
84575975 139583558
55004776 52376806
271262348 239620151
422582586 46702461
8565246 158964620
55888126 423653858
170036688 222183927
331699467 150935910
134619468 440482722
107364779 21586043
101748392 371726133
95138694 327983973
134299428 275683313
244997441 229346227
257558321 243922206
258842759 212337238
358981977 123816850
16122843 519039542
195563938 206384771
13738661 553666932
171947550 34084182
195967226 7769496
456318589 107529445
71124216 54787699
214126054 103176956
565593861 56456583
285540246 311916326
358063352 50404231
465360901 127421906
166148266 60585723
11467666 161887351
86605600 333631266
404524540 27140394
153705948 431237396
182168813 153084610
570384487 7421003
233968806 344376882
29394422 166096640
15145119 576973816
512405263 110190610
332405596 76962582
216950442 216593220
195173452 365726717
127315511 73218394
335977144 706022
156282023 52747271
44689771 343495532
75772552 120218222
272411520 70356810
314186110 109702086
126002891 207967335
295415414 279893525
439149734 134833842
95049170 136298724
40004990 159456406
24 2 20
9 8
13 8
24 2 15
9 8
13 8
1000000000 100 470866435
398458070 233192266
675685249 300382877
31243650 283225307
170518107 420815822
136864138 406051826
485171864 44406634
742587886 43147863
694439693 254583270
179470260 405939962
3309293 484156883
266765350 266526004
114734031 298516877
46721880 789558101
185304454 423613118
347848595 427291289
631518657 67414645
196047943 124573806
320982633 511068026
805842410 51298374
612381249 133804021
721397349 66752409
128582838 156359146
109494548 437834812
804606687 128050572
142833458 745618390
621856684 283236620
217669293 235965488
117181173 258183005
559397899 74586174
674539357 179624441
556797494 394612599
538729808 39483561
542454332 107882832
845650419 24083340
280138460 172399311
376511227 332743535
222961153 294410576
3480143 537171527
404997778 383438781
465543086 120595998
711720760 157273989
655996965 79723621
195688353 695453154
92323983 723124174
179268042 510035482
343611187 625077854
602528627 60391294
133042617 558327164
322330067 467505271
418828652 69387588
29649041 535578122
52148599 433530171
10757467 91346783
261774973 665677232
384899469 261584241
208396936 635238999
251265240 245069641
197195126 766250937
54054445 89615473
937119756 27081956
139783207 196091722
700054064 276414198
100658048 891062322
56256674 128883107
139945856 484069490
264377397 102972728
578033735 178692576
92175352 554898379
186334114 493281982
66499603 914228751
749604045 110577244
518435901 11366560
193224309 690321036
190035353 779585780
71110188 267405777
27670657 727320503
5645951 546524820
403927959 458158499
408771224 214745558
470433059 115224581
323655298 281320292
441937829 344744015
192463482 676633308
72171746 829304930
198385837 580691891
729031275 268289614
378342246 256767805
300697344 79861260
189073104 497892803
51925288 197350815
35409672 729717279
353435180 324424434
384365089 59863806
48064535 628069914
250894391 218978642
227979119 134956925
156277589 699811537
233732720 340190891
495287894 28164247
323514814 182164394
1000000000 100 445908472
35986419 857100493
71713750 212244717
1052091 666842191
712132593 176937361
413258743 432823587
351036949 73575544
159438539 229357556
233357230 311227737
26035927 607676131
774602597 124024728
548925484 2043394
73388586 92660809
19830525 47388942
744476020 25535205
172800988 808102063
141468313 343317458
375818435 305080286
438064224 184272847
723858907 230584347
180191478 223770427
350598608 536680188
18820297 376882105
678221810 289485848
348344881 166097561
64344595 346581683
334465501 96907530
100624315 138663517
270795896 450119192
297868621 128025882
538883144 50050369
439664142 21585196
458901383 367556955
302196397 504027417
583429932 147389014
71400928 532926888
347109148 344940243
110807176 760015402
642995008 153897473
157979344 786753362
208033916 202789285
599545553 289695865
60960294 614225941
176390577 658426929
257533755 471210404
80289589 527375961
665535144 13721536
551420786 242241672
201863281 547460020
271741829 261803439
371043060 7777704
142424172 155560321
406219546 158655474
826131991 53728189
667370669 236483010
437023620 194264923
231500885 313804749
217949154 767931574
70295166 523768365
341356987 12058211
267684214 660755095
610629266 110906015
683374187 121062599
708878601 60625450
354732137 88307782
644464596 195651874
237500559 337466770
261317786 32904916
257890363 113222477
426473998 516472380
74681525 635244189
1421612 524730260
601650970 21874767
472928019 234932433
687767801 114982101
199472511 279057394
234425009 183130137
385726337 238758165
21820810 192911065
276582353 645509236
227472647 401846493
77317192 656118405
177872491 756125635
240521005 741819914
215509621 478961570
388658595 56155536
157711522 742551131
93399087 670737276
594262107 200881076
142615468 328420835
20718653 805668070
591983563 152934508
513671627 364802797
116930307 761635830
22700758 377855953
192480034 391989718
533962322 205732194
71503360 190168013
181489666 50065378
488036978 404629558
34897866 580481778
24 3 2
9 8
13 8
17 8
24 3 16
9 8
13 8
17 8
24 3 23
9 8
13 8
17 8
24 2 12
9 8
13 8
24 1 18
9 8
679092944 93 58479862
416914546 30807414
116522864 551324670
470013113 50619228
323559449 59325517
56224724 145437224
17241848 654140019
245598449 195903211
319405277 192328988
664923930 1287933
31010441 300562906
348151049 183838958
15104756 478150672
410939003 252654568
276844370 129310592
78019383 31840021
500230411 65659347
237966928 145315481
990795 140276119
101101994 51722508
58165427 499769637
139553304 146905073
192978638 427724936
211809409 302128844
319910225 300105594
187533758 161288749
415712037 192559735
309724392 253581175
138953545 85312593
140929519 35414222
540232110 11715512
22812288 93919009
6077415 120561083
225238087 176602809
111721658 320686345
445097522 66529881
196805816 464291436
190263647 485238769
614811833 52063188
286102918 263730782
242389386 389558459
238218153 281854277
170016172 434999791
485240964 26985878
49436499 233485540
25586829 320752239
264283423 113230039
302902896 12123676
17233054 247100876
353836033 146995363
6368343 133603632
16457444 124681308
161626295 100708319
299254886 203869318
374022336 285287523
98690011 513681103
528546125 99157500
158071371 198085952
166909349 279118941
476809828 138793620
348839911 128596880
112880753 182165638
38933031 3633539
41181064 253869241
189214248 350553636
124620161 211504047
219898038 139343262
212518788 32052266
424178113 172777760
308006132 359089370
88160590 415625666
408635825 82455775
52575155 21060408
2410847 119360180
392180120 256743166
333528372 188430480
10916094 7639695
252153365 249240416
86530919 376144829
439553786 217836041
316015189 232614711
602032209 33634058
306747282 297884493
256913733 164949534
147841835 480671966
117874171 170809017
49725893 505005781
21215761 238435059
271941621 88816413
222032283 105434997
322162040 16569965
118274134 152859601
29736172 340172894
41482711 271910631
1000000000 100 814384907
84241260 891676618
197442668 146003911
257888219 740530088
244327879 502520024
684418460 228969344
522178420 416554229
147271779 786219347
6739159 694210091
199630241 39534666
259822146 109234324
819585970 118643434
223368751 629236726
527533646 30375523
359121481 137502902
669245081 153545464
61294958 391153481
669946695 14640337
465802283 171439738
823528567 136521795
419430455 134057504
670699866 20704623
179015244 508311123
166073142 315217493
730679140 172051363
115527413 702100630
665645910 272670954
552325655 405756786
663959696 185536899
780022577 42191606
53364816 327789557
557751618 168036072
354299766 508138248
71360895 207067487
649252846 119491725
157388098 757769249
362155247 65862474
20698754 4809770
789956500 123875813
97640001 484193413
33376511 327801011
85211890 453963885
247071786 535689942
393566216 253511945
397957879 499085774
71516704 519408168
120821224 45908290
133352515 604142832
552009789 311492902
870180428 78627167
3609054 80399774
732902095 186898451
655818730 305102466
372556190 506616308
82866578 14331465
396895111 537864304
41919256 10325576
496667111 474303033
50755352 228897521
220498186 172219608
123583497 349267678
500211476 302767703
452760056 393657076
294647285 457818460
375795823 25979280
516459205 208513589
238968229 27460173
475940762 365332933
229856893 485228461
401484379 360967660
93799093 402973389
82021604 890682556
103214881 174743477
316664939 79698097
331068584 272247323
132536828 61422439
64783021 399392937
316424069 440342622
357474438 434242453
284570966 217305904
418736197 153331533
54264594 539858925
296873405 268957094
173661128 145650872
163893549 730927631
333686038 436025869
132628466 511254365
653637374 165310801
490840686 414714613
514794565 411372280
371496703 329476011
645282220 269455645
63977620 532274114
532799600 356952053
175900256 70083990
206857764 771931471
283445801 535428939
722211825 261001936
607485840 115188737
70800459 325378906
253172296 182102805
860779930 23 405326065
331899072 369966109
67096265 259315903
9268076 472199779
306667990 253867010
194190292 338111024
444595206 88297016
128979789 149872953
453270216 216871421
532508517 219105864
669387628 42398418
543142100 55034158
723449111 130761145
376941819 235676412
115163481 649633139
580625404 128748999
471207727 95286201
119806557 88773364
15392030 728609504
75150346 345704235
400717777 16229406
408888288 367972135
177682976 500721115
420824005 247138229
1000000000 100 612757574
337447458 97438096
138995537 427870777
257652912 592080501
383685615 389853246
286986058 537758662
589002163 322014370
404080395 231101015
140409619 568679629
81682306 813323627
478086748 503786039
576323908 92139765
19656528 572346533
348358820 334486531
470653214 296068979
643059765 310498513
618775498 325253833
335223025 433740936
82824475 334936863
56030523 905482363
438944650 33073269
20461813 430199830
94830364 623080497
79944113 767545108
309119603 584465086
146524707 118544739
144989747 345666485
173440710 406811977
470001078 365056216
785570354 209246068
798893731 125378751
225975418 600866211
787089764 170730276
305045366 383268340
258907365 52594814
245451845 526036623
360101376 296009143
449537003 137786362
167461836 121267068
158178284 138825869
237950768 686652538
271778058 400244214
110997128 363792220
575259734 278972695
249011427 265367951
289363613 659154665
624995429 152877667
251780138 495401494
356911802 304475334
125919 68714152
17326561 654069632
59200856 446619600
580742929 383151383
46326367 665799377
559322132 258627542
202297847 17311886
19368961 163034942
614219025 282510984
102348058 674408547
578223735 41002444
280921817 437708887
1046306 947510105
61469436 161620980
541246643 177909722
242062281 113300585
360901278 24269150
256432475 73064476
23216984 264808178
459712609 68365015
1932218 103204011
542105393 345624885
285028267 46771524
333481443 204563703
644120955 195631519
476123212 433483881
468381226 472821040
27571468 343920017
636026223 167137381
481015144 457424564
455821120 192553262
454228770 451970346
507021635 160740655
702179215 154981369
497440809 448568981
548137591 446980510
742203728 141480595
385367630 466027669
642785390 114114212
3982507 751434704
682644594 49147875
122202018 741048004
900851157 15883967
473981614 315036881
207268898 465776525
827743062 96389701
3586590 186251786
487334614 306444197
523505520 97161417
540404101 222419015
102574502 786353427
844998627 144956932
375387510 78 270805027
110958851 151029889
213319413 129026248
211429337 49258879
33706360 327578993
155474432 206201816
163870065 161574309
20435379 30564432
177801660 61069147
184095649 167033973
110365365 169547856
108026227 15784238
38196079 10081635
54578236 319445136
259118638 76562865
204161217 131748617
63845740 213782355
190761383 181290030
199421444 135607585
101583037 99812220
147289534 210142685
74954605 89450220
66602611 34729536
97380021 221546431
86472030 43792246
161666380 145184564
127619056 242528780
287238541 77744690
8686622 295620403
236228200 20466457
125891303 129039165
51292117 44699269
124961082 128266891
157807873 94015302
75450629 241059791
178159321 115337723
254450342 108005401
21872888 71603096
163323696 99146567
189018517 160428640
256513014 502022
65186922 10154083
85831397 67133625
280776463 7776321
69037082 119725140
158012582 74284136
181280687 124021017
167861337 183879525
196853590 4688499
68247058 106330244
71991421 171723325
134960790 26873299
179032824 148347518
23866974 249287907
98343255 21986969
90989860 224550893
110527115 194628204
199770763 108308051
301323767 1924342
5088522 122394621
227031458 126173720
226223167 74356750
96506637 61528566
292481509 33566
69402777 83633614
70214487 98211399
52625084 217055473
128587504 33253716
124886551 98404807
149785986 113493849
25993111 48947521
35769106 232312084
71060519 302195698
101453859 97514733
98135075 231542676
218745935 109545023
143211953 141891323
297685415 35365995
183239198 20929845
24 3 16
9 8
13 8
3 10
24 3 17
9 8
13 8
3 10
24 3 8
9 8
13 8
17 8
1000000000 100 731410895
51020485 13307130
130056539 792280346
324528082 227161810
115431078 843273464
928615324 18417113
511716460 28693242
134465506 5888222
79591058 600281293
18812779 939084894
54752765 702789709
40440873 752047680
652521148 226062478
84524620 782730647
371196405 305370357
228135248 350320830
424951544 224637998
326264413 15434284
127742083 307259528
868791562 56764998
173991693 374313529
379688392 347898204
359554066 417346552
445148948 495501090
684607760 37457390
94593243 437789260
276883882 198085324
184419802 699641461
271595520 372831473
845615065 151948526
95241743 305990212
217606193 147809795
467134213 399221402
785496045 204744265
470749781 98068430
157847105 764341871
102220941 75855425
393474629 545686107
273814002 460913907
438670930 111244173
522661512 232488663
245411782 197002357
324585719 191968956
190126653 24545603
265725914 367254209
534950660 214432867
494680364 451903860
824279273 85831023
206036623 33208446
194675888 445819998
105750207 595601932
413996428 284305111
88803271 519305281
455280504 151606207
219885718 636905652
134376185 314998932
79724319 354821856
510572159 86181220
810057854 153334549
383965536 43791875
335188250 277159770
582034903 156399733
309898461 410087511
635428081 256000452
418943108 571793329
95520394 120183199
174550837 358631034
341356646 199790557
256795042 287013551
151980109 698849752
25103181 13099559
714871429 38956253
203143473 155345660
222803614 103785189
454181235 492378267
215417772 48722156
66233926 519843956
876892503 92504830
822115805 123461177
596720968 336371731
327691745 567024686
391141011 608532566
179394514 647873399
505052844 72847314
131621064 767918473
760775707 109790805
613414741 137218391
366931076 450408366
550077807 52814598
529228964 399190052
648126775 6945510
199130019 699416676
193833359 377738404
453489805 162969131
224610036 770193597
847732633 132358531
857112397 142720076
286779191 11565555
232160335 736313406
758445571 42764711
222423109 36003337
24 1 23
9 8
24 1 22
9 8
24 2 5
9 8
13 8
24 3 17
9 8
13 8
17 8
24 3 11
9 8
13 8
3 10
2 1 1
2 1
1000000000 1 1000000000
1 1000000000
24 2 18
9 8
13 8
24 2 13
9 8
13 8
24 3 15
9 8
13 8
3 10
24 3 3
9 8
13 8
17 8
24 3 15
9 8
13 8
17 8
24 1 1
9 8
24 3 14
9 8
13 8
3 10
24 3 10
9 8
13 8
17 8
898351094 33 215500314
530104262 322016890
296558151 80865610
585954247 208233977
325870680 427716379
298718403 516163815
29910369 598347412
116334098 67352755
6963189 129691186
501248243 148225348
305980415 524629751
83830825 383428646
123177478 730584893
341862927 256707880
623210426 203570571
213918197 138294775
154112950 586932361
154003577 229161101
76580869 729811106
13071893 806902517
309340185 260544320
227366793 632376358
166596419 229452747
557569219 202453388
857895782 8510435
432221455 79021201
229901077 204554553
489743323 308170878
167064537 493533028
355620051 176461682
119197291 757300879
289825802 594571850
469122813 319084104
165728489 78878561
24 2 16
9 8
13 8
24 3 4
9 8
13 8
3 10
24 3 6
9 8
13 8
3 10
1000000000 100 232489089
814589682 51926942
277176195 612157589
398505010 137018229
45153515 416340328
373855566 18847519
260597599 19767058
294230751 652071560
247427497 534119531
320297638 98394005
56513565 883043005
393013586 27779833
80191081 127902828
481646362 284986628
61973261 871989116
250991119 404171088
85339447 303235770
171790528 780022024
457726429 160917263
446003757 203971700
924361418 41221454
28717901 961140210
51630500 696142557
83085075 336427503
209902792 93453759
430139436 567104186
802868557 64981494
240585893 125369169
512713763 445327063
480474205 238625468
92480602 847399083
554702453 429284617
685485091 86721627
219153728 57791248
241667958 217343037
179103 210638690
353076248 392441648
20600372 76618377
405947905 157709628
111391359 81558773
292043187 94752287
979488121 18447785
517854903 260325298
371655340 333328780
651063860 252661205
342350448 429036648
847970252 84382662
484109159 474322898
746693537 208250342
849602384 53385100
24267331 286978657
823753952 125799078
463638603 382351044
293528629 147397437
464529810 508150019
156321591 258541068
277530972 296597347
458039200 180924601
119623848 552789872
341451466 247877893
21809422 656869252
246122933 561045569
237070614 49077163
5205211 665627452
50947731 505456675
457345296 200385213
389021751 51099570
353214706 248052522
514797055 475225681
366755209 285133564
185466548 518597002
526646285 312217317
39676594 685579237
418923466 179666041
303834665 649922037
283850011 277559297
413383535 113338418
767170291 141818346
382492281 302285902
760855816 124077695
220711578 429895363
650720632 185166938
562695772 407765693
885663014 68286407
548018104 103914976
930892802 40969401
459182641 308497100
225698474 124325809
147320865 820085940
419113752 484865988
544143941 327397144
324857969 10059640
310003354 476430759
671722229 215732193
140655335 162631374
616360260 34053875
270237664 536268238
221490883 537014654
373864691 518979961
200414498 604695860
555191353 58190013
1000000000 100 141715242
60867642 763349846
491263170 402226284
589435047 408021902
559190898 267735867
340742789 553817185
40670706 113716012
313347985 386075507
720422701 130075196
451157581 377117366
759212377 48111617
5473429 94149608
202931783 382277831
793900 9701133
153371586 335342795
494554156 373877300
889752281 81324402
597270434 385975321
65840874 608283707
662575942 297659501
308972780 117423379
575526571 12970968
671421975 327124783
53002320 120508972
90640466 379141592
452373273 453030667
762140295 181700265
933924566 17714452
520501984 413854779
905140828 73422684
447525942 30152379
782925998 108709932
601081979 391085714
395422648 106929303
110761463 188562570
756295522 2756323
621497441 287682356
529345750 250563174
61432752 192887762
118665110 355785443
405419919 368660205
580450299 53219109
593581353 96464357
577410618 38619167
145033013 244495124
453468779 306828068
402065653 311503818
215651186 648147062
852099061 123046219
429643810 450103573
181984988 811673017
319678015 352144705
389994241 573344518
197757119 257215784
393553466 53249046
612901570 308915732
521137132 1083515
47945979 529435377
274010142 187072041
57252619 247077353
151637226 131440303
96377228 356221612
191638139 57305310
476865845 406369031
215908872 662542959
141967477 339452009
395794254 442391356
605911672 270736432
472919946 57161897
32574051 588996831
71582172 210130164
705158679 242293439
80331524 534093750
368248761 390858312
39586707 952754364
120945713 631990371
598092725 202819996
247505688 379891299
778228074 91324330
808564996 22016820
188446650 530665807
159260863 95779433
363892970 382874674
152976803 311975695
13439170 87875472
370344156 217908503
157456486 451705557
186049050 688883596
55404251 261704586
744790855 108979868
41183875 829415124
530368372 119834261
129877775 433596213
237839032 89131170
685838130 199951447
134938093 341075131
269545675 185203776
259923864 476704447
244551975 278404893
202050293 163791922
552715440 215115648
24 3 21
9 8
13 8
17 8
24 3 6
9 8
13 8
17 8
1000000000 100 393662637
399153563 23149222
55400873 823931815
128549998 517401557
927084521 41800190
160294911 74057981
331893979 190466528
10466532 627150131
718438342 203101788
99967927 161448023
763040203 161648775
1162034 312199328
176616392 404899545
554878859 92298216
141145471 200288862
412104952 122111701
286704777 186543485
174709033 709978521
757208459 203935983
217395238 471390816
724141537 100360213
642862565 144673464
534288309 465236338
303740749 280944580
618596477 259147539
526966441 112346266
155740383 226611285
503624245 231606785
214015239 774389600
132094907 163423158
5443049 636964600
733887516 117529313
90033298 827935624
706818597 31019342
79273627 363447229
7844074 552515347
201739319 635594394
176407209 324716321
374053142 86258027
200109240 240890366
640902631 302327499
594484189 197687603
468512870 244744487
314028547 315118457
523164651 62157516
105222817 793224537
375021512 222445538
222704131 8861116
33753157 840348987
354375772 455940588
234319522 99139545
237710927 443721965
277122759 173267599
36200657 806193243
185150781 647980176
378240977 366354907
834227917 130016810
411651362 33114609
554760954 90741279
77191670 123903538
274068021 267965384
357738867 422352388
376141364 149867462
475480503 229410944
175062519 542561772
242967871 755842433
443345458 470156380
38686614 237681529
651322560 335369280
193962514 562890763
261567970 192572069
411851924 158365335
924023748 52716297
91390205 454841647
11262180 177720811
603204711 28936364
472314761 525917577
622592029 338348045
911647344 13399549
469477964 415446685
721640986 73914866
19361070 672220307
381591962 102137359
120553619 566775471
506991645 10866403
156162577 761596517
730787843 253921458
421383183 487860164
301617984 375678008
343724132 432818632
588755524 195026631
441635356 253854045
576029882 298172402
169336421 218490745
578006688 143809265
664809483 5187997
394311534 554955846
656515072 148718711
532582538 100883917
461693114 118404564
344329498 173963386
24 3 5
9 8
13 8
17 8
24 2 21
9 8
13 8
