147
24 2 15
9 8
13 8
24 1 8
9 8
24 2 6
9 8
13 8
24 1 21
9 8
24 2 8
9 8
13 8
24 3 23
9 8
13 8
17 8
24 3 3
9 8
13 8
3 10
100 100 96
1 100
46 14
81 4
59 16
29 44
4 7
43 43
12 69
2 14
10 50
16 16
77 23
69 1
55 19
60 1
81 14
50 25
95 1
18 51
71 15
17 62
18 40
11 66
61 26
34 36
21 44
34 6
12 45
3 8
67 17
74 15
20 34
57 9
13 23
5 20
1 58
31 6
21 25
60 25
16 85
3 92
35 6
17 19
32 19
53 24
27 73
82 7
58 17
64 27
55 28
52 13
18 63
41 40
14 34
82 8
34 35
81 18
28 63
48 21
5 8
56 30
7 32
21 2
56 13
43 57
71 18
37 40
73 9
21 73
44 56
18 63
17 74
15 52
8 87
19 71
25 61
62 32
19 26
39 57
4 95
7 80
69 24
23 65
29 54
27 28
24 14
3 71
47 34
2 46
14 83
26 28
51 38
59 9
72 3
42 8
2 47
52 48
20 7
59 11
21 48
100 100 43
66 7
79 19
21 69
47 46
13 19
15 77
27 60
49 11
67 27
59 6
55 37
36 9
51 32
4 74
61 20
64 24
19 13
54 23
68 30
17 22
39 53
36 62
25 12
18 40
88 4
71 25
32 50
63 17
16 20
6 45
8 87
40 6
19 14
4 17
66 26
56 5
82 9
5 23
25 52
86 8
8 73
45 41
26 67
44 54
15 63
6 39
40 25
71 29
69 1
24 75
66 8
5 3
21 68
53 33
4 78
13 85
69 25
27 33
24 60
30 64
48 31
50 24
2 22
30 40
39 58
50 47
8 43
20 24
35 30
32 41
3 92
46 49
65 34
63 29
33 44
54 12
9 14
36 44
20 72
42 52
10 77
33 19
17 12
26 4
22 14
48 5
23 13
20 42
90 10
18 49
20 41
4 37
43 2
9 40
6 87
27 64
12 50
6 53
27 68
46 34
24 1 24
9 8
24 2 14
9 8
13 8
100 100 24
9 47
6 79
60 8
40 58
62 3
29 27
42 4
35 6
5 2
36 31
13 13
32 21
44 43
7 19
20 10
2 79
90 7
24 61
23 7
38 63
62 35
23 28
23 41
31 10
31 23
76 21
2 22
45 50
29 72
1 99
64 9
82 9
5 66
57 30
26 25
6 90
47 21
66 21
93 5
9 11
8 56
9 21
15 39
21 42
12 15
20 24
58 6
66 28
16 83
12 51
72 20
5 94
26 59
3 81
63 4
18 79
51 7
4 6
46 17
50 18
58 27
35 15
25 17
49 48
49 16
10 90
63 4
20 74
26 40
24 77
43 38
33 42
29 33
37 20
55 11
76 24
56 42
73 10
40 29
6 2
66 15
17 79
59 33
26 7
4 5
21 43
67 2
44 4
52 25
23 58
57 20
12 7
10 42
2 5
25 31
10 81
47 5
56 45
82 1
14 84
24 3 15
9 8
13 8
17 8
95 74 14
61 32
31 10
27 64
5 41
40 41
16 58
11 69
33 53
11 11
12 60
29 15
11 11
31 38
9 7
7 30
78 11
58 3
15 3
10 57
33 43
6 16
13 39
11 66
6 51
44 11
22 11
46 38
41 1
19 33
43 42
24 33
58 28
21 56
70 12
43 3
22 53
22 53
12 75
32 48
40 17
10 32
72 16
78 18
24 13
26 36
22 20
29 15
4 74
53 40
56 4
50 32
5 70
77 12
7 70
61 8
55 8
37 22
4 5
75 7
16 64
10 54
8 65
11 29
4 9
8 14
62 11
61 9
44 44
12 64
26 63
68 3
32 20
51 23
82 8
93 61 8
31 12
7 21
43 32
28 30
59 10
48 32
61 6
10 22
64 21
24 68
50 41
12 54
16 33
48 1
54 26
21 36
40 15
22 33
13 56
8 50
27 62
3 23
12 74
36 47
51 43
43 49
1 60
5 7
31 26
45 37
36 14
26 51
9 64
17 22
13 10
32 9
21 27
75 4
9 59
32 59
30 62
17 49
11 31
34 18
73 9
12 2
44 11
6 31
19 1
32 43
11 8
44 49
38 37
62 30
11 62
82 6
24 67
50 30
46 32
11 64
31 1
24 3 18
9 8
13 8
17 8
24 1 7
9 8
1 1 1
1 1
2 1 1
1 1
53 51 38
36 8
11 18
7 41
46 7
8 26
23 27
9 21
7 47
19 16
5 29
26 24
3 45
29 12
10 37
46 4
14 5
43 9
25 16
14 18
23 16
21 7
23 10
39 6
29 19
31 23
3 30
36 8
27 14
11 12
1 7
26 14
41 1
26 25
10 6
14 37
33 20
12 40
13 7
29 1
2 7
36 12
28 16
23 7
20 30
32 6
22 31
31 16
2 29
16 21
28 10
6 1
24 3 19
9 8
13 8
17 8
24 1 19
9 8
24 2 16
9 8
13 8
38 96 3
7 12
4 13
22 1
2 37
6 23
4 26
15 8
35 4
9 7
4 1
2 35
10 14
10 25
9 4
12 19
17 16
2 12
8 24
14 3
15 5
11 22
21 18
18 2
12 11
10 5
32 6
4 31
19 1
2 17
33 3
27 7
8 8
36 2
1 30
17 22
14 25
9 21
8 13
6 15
16 14
13 13
17 11
4 34
32 6
21 5
28 9
21 3
25 3
7 12
21 3
23 9
3 13
5 24
7 30
6 33
2 11
15 2
3 10
5 18
10 12
1 36
22 10
10 15
27 6
17 3
8 23
5 24
7 7
24 12
13 24
7 9
17 17
8 27
27 12
17 14
4 28
2 4
6 7
1 15
12 5
10 19
1 25
6 14
10 22
19 8
21 15
15 6
19 15
1 33
4 15
15 16
3 34
10 17
11 12
21 12
30 3
100 100 36
14 57
34 66
28 15
11 42
75 13
10 52
2 64
28 25
12 32
42 30
20 35
43 1
20 36
41 23
17 75
1 91
46 34
54 47
17 47
11 77
82 16
31 25
55 35
4 63
20 72
71 22
5 65
29 63
50 50
84 3
36 65
22 31
29 4
55 9
1 70
47 3
97 2
10 80
55 17
17 51
74 23
11 56
61 20
46 54
34 16
9 63
5 20
51 17
37 28
56 10
50 19
21 12
21 72
3 77
26 32
33 1
24 59
29 52
74 18
19 64
12 67
19 11
27 67
3 17
10 57
42 57
22 2
37 49
44 16
59 9
40 11
19 48
18 79
14 32
92 6
2 75
19 68
15 51
47 53
23 52
10 57
15 49
38 12
66 23
77 5
16 29
46 39
34 32
65 16
19 9
41 1
2 7
91 7
13 7
14 42
51 35
21 61
33 6
38 47
12 12
2 1 2
1 2
100 100 51
29 46
29 43
42 35
43 17
38 6
66 34
31 12
45 43
35 22
24 26
7 24
56 17
18 61
8 43
28 18
26 28
6 7
33 26
72 2
35 54
8 39
4 28
49 48
27 71
59 39
61 9
10 91
32 2
47 7
13 11
60 11
31 23
29 70
25 76
2 68
31 50
30 59
72 20
8 32
18 32
39 28
23 52
9 49
31 40
53 43
26 71
23 46
14 54
18 35
61 28
19 17
13 82
25 72
15 28
1 13
58 1
86 5
32 32
31 14
14 24
11 20
46 13
71 13
12 69
14 22
6 55
8 14
22 52
32 25
69 8
37 8
67 24
15 15
71 2
4 79
16 65
10 68
24 65
31 45
53 32
43 11
9 9
57 3
28 33
23 14
64 19
22 32
95 6
70 9
37 6
3 8
3 36
26 10
30 46
28 45
16 33
69 4
57 30
25 43
23 2
100 1 100
1 100
24 3 20
9 8
13 8
17 8
71 23 14
4 15
36 36
9 55
39 31
2 63
40 26
41 24
2 29
9 7
29 18
1 38
20 14
14 14
17 50
42 14
8 7
53 13
9 51
35 25
37 3
40 15
7 42
20 49
24 1 13
9 8
24 3 11
9 8
13 8
3 10
24 2 2
9 8
13 8
24 3 9
9 8
13 8
17 8
24 2 7
9 8
13 8
100 100 90
5 40
7 40
49 40
52 22
40 23
15 6
25 41
35 26
5 3
36 22
10 45
53 14
100 1
14 54
15 13
51 12
87 1
62 12
27 32
26 59
14 43
7 79
53 9
33 66
43 23
3 58
29 56
38 10
27 36
57 33
17 67
92 4
17 27
18 68
1 95
41 11
50 2
3 33
81 6
12 80
1 76
32 26
9 73
8 61
17 82
49 14
11 63
27 24
6 29
66 4
27 1
36 24
43 6
22 14
22 2
15 85
27 71
49 43
84 17
51 35
35 8
10 24
67 19
62 24
43 50
21 75
11 10
65 12
19 49
14 23
2 38
35 46
8 89
15 67
28 35
68 8
58 36
17 64
27 44
64 11
47 32
8 83
48 48
6 56
56 9
30 14
48 42
23 63
20 76
4 11
41 43
33 35
27 26
52 42
28 58
61 18
55 32
69 5
1 51
37 50
24 3 4
9 8
13 8
17 8
24 3 24
9 8
13 8
17 8
24 3 13
9 8
13 8
3 10
24 3 16
9 8
13 8
3 10
24 3 17
9 8
13 8
17 8
54 36 39
1 6
37 17
4 24
31 23
10 43
5 27
12 11
33 17
4 9
2 49
18 21
23 18
18 17
13 25
21 25
7 31
27 10
6 40
27 11
3 47
19 9
33 2
12 29
3 34
19 6
7 16
10 20
34 9
14 33
5 36
9 24
36 2
13 28
21 9
24 19
13 30
24 2 1
9 8
13 8
24 3 9
9 8
13 8
3 10
2 1 2
2 1
24 3 19
9 8
13 8
3 10
24 3 12
9 8
13 8
17 8
100 100 80
67 2
52 2
23 25
33 65
40 20
1 36
9 14
36 62
16 71
85 10
71 29
20 70
48 14
35 48
16 45
28 39
6 18
3 61
72 18
24 74
33 66
74 1
9 14
17 35
32 60
16 28
37 15
5 49
37 30
64 22
13 24
38 63
32 30
8 43
16 81
62 18
72 24
74 19
12 35
27 66
3 33
51 19
43 44
79 8
54 2
83 6
3 39
51 38
32 58
1 60
32 37
12 20
3 12
20 23
61 17
7 28
35 31
13 80
23 40
22 63
19 21
87 9
64 33
47 20
31 56
18 57
9 42
16 83
22 34
21 40
15 82
21 42
1 47
11 30
38 37
44 28
40 4
17 4
17 11
24 42
40 42
30 57
43 22
60 28
50 45
30 54
10 76
7 71
20 46
67 11
25 51
40 43
12 45
20 43
73 5
59 24
3 72
13 18
34 23
37 61
24 1 22
9 8
24 3 10
9 8
13 8
17 8
24 3 3
9 8
13 8
17 8
24 3 4
9 8
13 8
3 10
24 3 5
9 8
13 8
17 8
24 2 17
9 8
13 8
24 2 21
9 8
13 8
43 16 38
12 24
33 10
20 6
13 26
18 24
7 25
10 18
4 21
4 22
6 14
3 32
7 27
35 1
7 10
16 2
35 8
24 2 5
9 8
13 8
24 3 22
9 8
13 8
3 10
24 2 19
9 8
13 8
66 57 46
13 7
32 7
48 17
46 19
18 33
6 52
47 10
8 30
48 3
3 2
32 28
25 15
24 26
48 17
13 35
39 15
42 18
50 10
39 11
9 11
37 27
23 37
10 15
13 33
27 38
3 55
7 38
21 28
27 22
22 10
31 9
24 27
14 44
42 20
23 11
41 25
20 31
33 5
14 50
30 15
2 55
5 44
29 11
8 25
4 17
30 19
9 7
32 21
24 27
32 15
22 5
1 48
26 9
38 4
32 8
19 44
44 11
100 100 73
22 68
84 9
16 9
32 16
48 18
63 24
88 9
26 65
10 1
60 21
2 27
42 5
82 3
43 33
5 30
40 47
1 100
31 22
24 76
1 14
31 12
47 30
17 44
57 40
19 45
39 27
57 6
8 19
30 31
4 41
11 25
21 17
31 22
22 30
19 11
44 20
5 69
28 4
53 46
22 54
26 3
30 57
34 16
5 61
65 18
24 33
49 12
16 4
48 38
50 43
74 9
70 5
86 2
65 28
45 37
69 11
81 3
14 84
65 15
62 2
29 6
1 14
16 54
14 78
45 49
65 23
2 73
16 26
3 15
2 88
15 45
9 62
9 23
78 22
62 16
80 20
53 39
4 92
42 12
22 66
91 8
11 52
20 81
28 36
25 69
19 82
59 7
47 36
45 37
60 4
18 57
90 11
13 49
4 51
68 26
81 8
61 13
85 14
55 27
7 85
24 2 18
9 8
13 8
100 1 1
1 100
24 3 16
9 8
13 8
17 8
24 3 14
9 8
13 8
17 8
24 3 6
9 8
13 8
3 10
4 13 3
1 2
3 1
4 1
2 3
2 1
1 4
2 1
4 1
3 2
3 2
2 2
1 4
1 1
2 42 1
1 2
1 2
2 1
1 1
1 1
2 1
2 1
1 1
1 1
1 2
2 1
2 1
1 2
1 2
1 1
1 1
2 1
2 1
1 1
2 1
1 1
2 1
1 2
1 1
1 2
1 2
1 2
2 1
1 1
2 1
1 2
1 2
1 1
2 1
1 2
1 2
1 2
2 1
1 1
2 1
1 2
1 2
15 22 12
12 1
1 12
2 14
10 2
8 8
2 14
8 8
1 1
2 10
4 3
3 9
3 8
3 6
12 2
8 1
8 7
9 3
1 4
10 5
6 10
1 1
3 9
24 2 3
9 8
13 8
24 1 20
9 8
100 1 10
1 100
100 100 77
8 74
55 43
2 51
23 64
31 25
30 11
81 19
85 8
59 20
27 43
12 47
3 80
37 3
43 14
2 65
41 2
12 5
26 41
39 28
34 21
21 77
10 64
19 30
36 49
16 37
25 65
4 63
58 3
59 28
4 77
46 24
37 56
16 54
42 1
27 46
53 30
58 37
34 41
12 77
50 30
32 31
3 98
14 25
18 34
7 50
68 11
36 50
78 2
11 70
48 36
6 23
4 87
57 40
76 1
60 23
18 68
11 53
48 16
58 17
55 37
3 53
84 16
37 8
41 26
30 7
14 31
20 22
31 60
20 16
27 48
12 22
24 2
59 5
7 68
22 15
68 32
28 21
59 18
6 12
8 14
27 43
68 23
85 10
87 8
10 52
24 15
6 12
23 70
22 72
73 16
4 76
54 35
9 85
69 2
75 16
23 75
60 30
45 34
59 8
34 1
24 2 10
9 8
13 8
2 1 1
2 1
24 3 23
9 8
13 8
3 10
24 3 17
9 8
13 8
3 10
24 3 10
9 8
13 8
3 10
24 1 17
9 8
24 1 6
9 8
24 1 11
9 8
24 2 20
9 8
13 8
24 3 6
9 8
13 8
17 8
2 1 2
1 1
100 100 70
34 9
3 71
31 49
11 59
9 10
1 92
51 49
4 18
9 57
10 71
35 54
88 6
45 49
47 16
24 51
46 3
52 4
2 72
20 48
18 29
21 48
45 36
4 89
27 47
73 26
4 63
26 33
17 67
45 13
89 3
37 11
34 40
45 30
15 74
12 31
1 27
66 3
28 44
16 32
29 37
42 54
56 12
39 55
16 47
37 26
17 80
56 40
77 21
51 27
34 8
53 38
49 21
12 47
69 19
43 28
59 4
15 25
10 29
37 58
3 7
44 25
13 13
41 12
14 84
28 37
49 34
1 47
9 11
71 6
51 34
76 22
71 10
84 16
54 1
54 32
26 34
11 22
17 43
62 17
13 73
44 21
30 41
69 10
43 14
64 19
25 12
28 39
28 10
22 19
17 25
34 53
37 35
68 27
46 45
90 3
71 21
90 6
35 9
68 28
11 34
92 39 20
12 27
83 10
22 54
10 36
32 17
82 8
63 11
1 83
71 21
41 37
58 29
14 75
45 32
25 41
45 36
15 21
39 53
47 19
26 65
13 18
10 38
46 20
15 14
38 49
53 4
12 70
71 3
6 68
2 15
6 27
70 23
37 28
13 59
42 29
9 6
23 65
70 15
9 11
86 7
100 100 76
17 36
10 32
8 37
36 31
42 55
77 1
12 59
24 47
49 33
47 32
42 29
4 68
1 51
48 8
83 6
37 25
14 23
36 37
52 15
2 55
13 67
2 9
32 66
65 17
57 23
83 18
2 84
17 69
4 43
65 34
32 39
42 54
63 21
54 15
90 1
20 75
26 21
13 34
26 23
61 16
43 1
58 3
2 2
82 10
12 64
58 9
75 1
15 9
40 45
15 45
28 25
19 56
29 65
69 10
2 20
8 69
13 30
31 15
52 34
50 40
23 38
61 1
18 27
41 12
51 11
9 4
21 18
1 97
19 46
80 17
16 24
59 11
56 30
21 69
20 11
15 71
1 18
47 15
3 98
28 26
26 49
100 1
12 80
39 44
5 22
28 45
9 8
3 69
51 41
21 43
32 38
49 49
42 43
28 50
50 48
65 7
59 9
66 10
27 26
10 84
93 7 30
34 38
64 28
41 35
19 72
41 10
36 58
48 28
72 55 43
29 23
14 16
8 55
7 33
6 37
17 41
5 26
37 17
9 2
27 42
13 58
2 30
28 12
69 4
2 21
3 36
15 52
36 23
8 6
32 40
13 37
20 46
16 34
9 34
11 4
10 22
48 23
36 37
21 48
12 44
54 13
17 45
40 28
21 47
45 1
33 23
36 23
15 35
69 4
30 21
28 24
51 19
53 3
11 2
11 10
24 24
25 28
20 27
12 18
8 59
35 18
13 19
45 22
16 42
26 14
24 1 3
9 8
24 2 23
9 8
13 8
24 3 12
9 8
13 8
3 10
24 3 14
9 8
13 8
3 10
24 3 13
9 8
13 8
17 8
100 100 81
59 24
25 43
66 29
24 25
33 56
50 11
44 21
31 11
27 55
35 30
40 42
49 26
7 31
30 70
9 34
8 85
28 50
13 6
81 5
29 3
45 7
38 8
40 22
57 30
29 38
17 15
74 3
25 2
11 88
36 64
85 7
6 83
42 20
47 1
12 49
37 33
43 35
59 25
3 50
66 25
59 18
1 15
24 57
21 38
20 14
5 87
54 33
42 58
20 49
27 53
2 47
34 26
22 30
9 72
4 20
11 7
17 82
38 3
59 14
1 98
32 15
36 19
21 19
12 43
13 6
10 84
16 62
53 26
91 8
7 91
57 15
54 9
60 11
80 1
31 53
22 19
73 20
16 16
9 50
32 5
30 7
28 59
42 46
15 43
23 77
28 12
29 21
1 63
14 68
57 3
62 11
14 81
15 5
28 8
3 19
55 4
78 22
61 16
67 32
18 24
100 100 86
41 23
81 13
34 7
24 34
58 43
20 56
4 1
86 3
26 6
13 57
4 85
2 1
57 38
51 13
58 39
11 74
71 18
44 29
70 9
22 17
15 62
19 79
3 17
62 20
72 29
26 9
7 4
7 65
27 26
21 68
46 10
30 46
27 55
21 64
17 41
53 44
11 17
3 58
30 6
19 22
57 10
7 12
37 27
50 38
28 69
59 5
47 26
23 36
56 5
7 26
94 4
11 15
75 26
1 66
88 1
37 8
52 3
24 16
9 86
11 35
33 29
7 61
17 84
52 16
50 17
23 58
27 22
35 47
35 26
11 30
62 8
11 13
42 24
44 39
15 56
13 27
36 31
64 7
13 3
16 5
38 61
32 34
41 19
44 30
35 54
25 12
1 83
27 36
5 82
14 32
18 50
8 61
15 57
22 59
25 36
34 51
74 26
38 15
50 4
75 18
24 3 15
9 8
13 8
3 10
24 3 8
9 8
13 8
3 10
24 1 4
9 8
24 1 9
9 8
24 3 20
9 8
13 8
3 10
100 100 67
16 60
5 79
34 40
24 35
40 25
42 44
90 9
10 79
31 44
58 19
5 78
54 38
33 2
57 10
41 40
1 91
49 52
41 3
76 3
29 11
8 11
19 7
41 36
12 73
53 31
68 14
5 27
43 40
6 52
50 38
13 2
38 44
2 88
66 1
62 5
11 13
18 32
62 33
19 22
4 54
46 53
76 10
14 87
77 7
81 18
66 30
66 31
80 2
52 47
4 87
7 68
14 1
21 59
7 19
47 45
11 28
8 30
1 80
26 56
25 60
18 73
31 55
8 28
21 5
35 30
24 8
78 8
52 41
2 4
44 48
52 12
11 2
80 16
34 20
49 12
59 18
9 2
7 43
16 16
33 26
43 26
35 61
23 42
40 51
4 95
27 25
19 68
71 25
11 8
69 14
57 15
64 16
30 1
86 10
12 26
89 11
21 64
60 32
61 22
42 11
2 1 1
1 2
24 3 18
9 8
13 8
3 10
100 100 91
28 26
6 44
24 46
87 12
8 71
39 17
6 5
49 13
22 12
41 50
6 71
22 5
39 43
24 18
6 68
20 22
70 30
41 5
35 38
5 84
29 69
76 23
61 21
2 21
32 29
26 51
58 23
47 49
74 20
27 70
2 34
34 53
56 14
58 35
21 22
14 61
13 42
47 19
9 11
62 37
75 22
9 11
61 8
64 34
40 46
37 41
51 15
70 23
29 8
2 86
19 17
12 32
53 32
29 36
19 9
18 73
38 38
39 62
76 23
23 14
7 35
33 9
56 17
8 3
49 42
60 40
17 49
50 10
8 84
18 77
45 46
28 40
63 30
9 52
42 27
8 55
4 16
64 15
31 15
50 50
68 29
33 37
32 33
61 2
9 2
13 29
72 18
6 72
13 24
9 41
12 25
41 9
20 58
26 32
17 17
4 51
25 29
40 26
56 28
8 72
24 3 7
9 8
13 8
3 10
24 3 2
9 8
13 8
17 8
84 57 74
45 21
50 25
28 22
32 9
75 7
6 41
9 32
29 41
14 34
56 3
58 6
41 2
28 13
62 5
18 8
13 69
61 2
36 4
9 15
37 46
9 19
20 40
44 11
54 11
18 22
12 7
32 6
33 2
61 24
49 12
45 18
42 40
19 14
17 44
25 55
14 17
6 59
60 15
3 66
32 30
32 1
3 40
37 27
34 28
28 45
20 58
13 34
15 20
42 32
51 17
21 61
60 24
12 2
75 8
13 15
35 49
22 2
24 3 5
9 8
13 8
3 10
24 1 1
9 8
24 3 21
9 8
13 8
17 8
24 1 18
9 8
24 3 1
9 8
13 8
3 10
24 1 5
9 8
100 100 49
2 98
2 98
2 98
2 98
2 98
2 98
2 98
2 98
2 98
2 98
2 98
2 98
2 98
2 98
2 98
2 98
2 98
2 98
2 98
2 98
2 98
2 98
2 98
2 98
2 98
2 98
2 98
2 98
2 98
2 98
2 98
2 98
2 98
2 98
2 98
2 98
2 98
2 98
2 98
2 98
2 98
2 98
2 98
2 98
2 98
2 98
2 98
2 98
2 98
2 98
2 98
2 98
2 98
2 98
2 98
2 98
2 98
2 98
2 98
2 98
2 98
2 98
2 98
2 98
2 98
2 98
2 98
2 98
2 98
2 98
2 98
2 98
2 98
2 98
2 98
2 98
2 98
2 98
2 98
2 98
2 98
2 98
2 98
2 98
2 98
2 98
2 98
2 98
2 98
2 98
2 98
2 98
2 98
2 98
2 98
2 98
2 98
2 98
2 98
2 98
24 1 16
9 8
24 3 8
9 8
13 8
17 8
23 66 18
12 11
3 7
14 9
7 9
10 3
2 21
15 4
2 3
9 6
4 20
9 10
10 4
11 10
2 21
5 3
1 9
9 10
3 10
5 18
8 14
13 4
3 11
5 11
17 5
12 9
1 20
4 12
16 8
10 1
22 1
13 8
12 12
11 9
4 19
3 21
6 6
2 21
9 8
9 1
4 2
5 19
7 17
1 15
7 5
8 5
4 1
14 5
8 9
1 1
10 2
2 17
8 2
15 8
1 1
9 3
3 19
3 10
12 8
3 1
8 9
2 6
8 7
3 15
14 1
5 13
2 1
100 100 94
10 60
8 46
22 18
54 18
19 58
11 49
64 18
28 8
10 85
79 17
17 14
7 8
44 14
43 16
15 59
31 46
5 35
23 71
37 10
22 52
16 11
8 32
78 12
27 25
20 68
25 63
42 48
16 82
79 4
40 54
17 4
50 35
39 14
63 13
76 8
51 29
22 4
42 52
40 48
25 36
36 24
17 2
36 55
24 1
13 42
72 26
31 39
28 41
33 9
81 15
11 45
41 11
28 67
73 11
46 55
7 71
58 33
7 90
23 34
1 8
5 87
57 21
24 57
26 23
42 20
3 59
56 37
7 69
15 40
46 27
17 9
41 2
45 17
66 17
21 12
56 22
77 7
3 78
8 93
36 22
16 2
10 19
64 28
38 58
43 35
25 4
93 4
5 24
11 17
45 9
75 7
29 24
7 94
2 48
47 44
2 19
13 43
11 24
3 30
8 4
24 2 9
9 8
13 8
24 2 11
9 8
13 8
100 100 36
48 52
28 15
18 20
59 17
9 4
57 11
35 57
25 49
6 9
30 6
37 62
53 26
46 31
63 33
34 53
8 45
17 41
15 42
76 3
46 29
35 49
6 64
10 13
15 21
2 75
6 73
41 12
33 27
13 15
53 31
25 18
68 5
64 2
5 14
8 59
25 36
4 59
9 30
45 43
29 12
71 21
67 1
13 45
10 62
3 65
35 36
30 21
20 13
5 49
3 59
23 31
22 32
1 93
3 69
34 19
14 21
42 16
27 28
19 1
60 21
7 46
14 57
52 11
22 50
39 62
35 48
23 44
54 47
71 7
59 16
17 29
38 2
62 28
74 13
23 43
12 77
19 52
41 56
65 24
6 20
47 51
13 50
2 97
28 55
14 9
17 63
75 10
85 11
7 53
49 37
43 35
20 34
33 7
9 87
26 13
16 71
84 7
7 18
29 65
32 3
24 1 10
9 8
24 3 21
9 8
13 8
3 10
24 1 23
9 8
24 3 22
9 8
13 8
17 8
24 2 22
9 8
13 8
24 1 2
9 8
3 37 2
1 1
2 1
2 2
2 2
1 2
2 2
1 3
1 1
2 1
1 3
3 1
1 1
2 1
1 1
1 2
2 2
2 1
1 2
3 1
2 2
1 2
3 1
3 1
1 3
1 2
3 1
2 2
2 2
1 1
1 2
3 1
1 3
2 2
2 1
3 1
1 1
3 1
24 2 13
9 8
13 8
24 2 12
9 8
13 8
24 3 7
9 8
13 8
17 8
24 2 24
9 8
13 8
100 100 63
23 41
35 8
31 59
8 6
9 27
42 5
17 7
3 37
47 29
85 8
55 27
65 9
58 32
14 82
37 30
41 33
13 55
1 22
65 21
50 18
18 64
85 5
64 28
11 35
79 7
3 60
29 54
36 22
8 85
31 30
12 67
10 69
12 41
8 53
77 20
5 94
24 45
23 37
3 78
57 2
22 44
62 5
58 7
37 38
17 2
54 44
10 23
51 11
33 30
9 13
33 44
47 3
15 77
6 23
1 56
9 21
28 56
17 31
20 12
38 30
15 4
1 88
83 2
21 72
1 42
63 36
6 91
57 14
50 12
69 20
4 41
3 13
85 12
28 21
46 6
57 27
2 24
27 31
20 50
3 55
75 21
15 73
38 47
5 84
10 41
5 54
40 46
34 50
65 7
52 28
29 19
9 64
40 32
39 11
32 6
69 26
49 13
35 21
7 51
68 2
100 100 98
1 89
35 37
43 4
40 25
31 29
18 63
31 55
34 6
22 13
83 17
23 65
29 48
3 15
24 4
73 12
13 56
66 17
51 43
25 68
82 16
80 20
74 1
9 74
68 20
22 59
38 56
11 64
60 30
6 21
18 21
20 20
31 10
66 2
3 44
9 51
13 82
44 54
15 11
38 62
81 13
22 35
45 56
23 66
68 17
48 42
21 59
36 4
23 64
79 22
66 7
22 40
27 67
48 39
9 52
9 14
18 65
7 49
37 9
2 60
44 4
34 6
84 10
33 61
4 88
54 29
33 15
33 22
49 3
50 19
11 50
13 71
6 13
13 43
15 63
55 10
70 1
66 4
16 23
30 34
66 16
40 29
41 10
38 60
6 63
12 23
3 70
4 22
29 27
69 18
30 53
14 79
30 13
72 23
6 6
59 22
7 77
23 8
18 2
73 6
13 5
24 3 11
9 8
13 8
17 8
37 35 10
5 23
6 25
1 33
8 16
19 18
13 17
13 1
25 6
8 14
34 2
5 31
14 5
5 25
5 28
17 2
22 1
1 4
9 26
1 17
24 6
6 5
4 3
18 12
6 1
18 16
20 12
8 14
18 14
24 13
16 15
24 9
18 13
18 17
6 28
16 11
24 3 24
9 8
13 8
3 10
100 100 72
90 1
14 53
10 33
21 63
14 51
51 11
50 49
13 32
31 46
49 28
17 47
77 20
11 73
16 39
62 12
69 5
4 68
47 36
4 45
9 20
60 4
53 36
57 31
11 64
17 73
33 55
11 23
4 49
72 17
3 69
21 48
61 36
9 31
57 39
9 49
11 7
9 77
1 50
13 48
38 36
5 23
7 78
2 19
50 40
2 56
31 15
37 29
18 27
64 16
15 35
59 42
34 33
32 54
4 17
37 30
21 54
57 37
4 18
61 18
8 35
63 1
36 61
1 78
62 3
22 78
52 38
55 20
39 61
32 44
99 1
82 11
10 14
10 89
6 40
10 52
65 2
4 36
51 47
3 18
11 11
70 28
78 9
59 42
47 27
20 24
10 82
17 2
28 30
46 18
6 33
29 37
24 34
80 15
34 51
13 2
14 72
64 31
37 27
27 4
15 50
24 1 15
9 8
24 2 4
9 8
13 8
24 3 2
9 8
13 8
3 10
24 3 1
9 8
13 8
17 8
24 1 14
9 8
40 13 37
7 24
7 29
6 22
3 33
8 26
34 6
28 6
32 5
28 10
1 4
4 23
2 17
1 31
82 11 71
19 2
15 49
45 6
25 23
26 21
34 26
28 4
34 27
19 19
6 49
2 36
24 1 12
9 8
