905
16790524632134823
140112229935
7
209950908662496224
36950
86
27013907
6
1837609
8589934590
890621097487753875
224
79
161425332656495
32432
1282388
714102
8190
988650846166478777
33554432
16891692025572731
174674932117606
3567837
37306932150850
70278521
587969275177395064
29708207422
435116518309981096
4398046511102
758499372587160468
893123
12523046145
562949953421312
996815
3
777658966385343070
32206
2944936314352
11259
53780235335278
69
81
6639671
18014398509481982
9007199254740992
536870912
16792508123782
961162340811501747
727
576460752303423487
45320373270
10645429
12454
244699731
313734569171
1073741822
122
108055530587
12839404880022
934191843700726814
580385967651704458
17179869182
3870026
22033
281474976710655
4095
457972205
219215941
198684980508
3919
33197705272637
28006
58450731039
123550516239610654
3658858708667
700
8562923868314174
536870911
68719476736
81465821009642910
3018457855
33554430
376258672
17592186044416
30
12716364
410
1055694169274879
34359738367
72529822727
852761119163
65536
66
614069932903007979
2051757343669097
1411704296876009
262142
3212434
50628
133264288048
19576657548
66294610
1345466342
36
65534
131070
21369359467
33033131586821
20271
52909723400
9308340670045
41
41611
67108862
107417609125863841
1450074
42469
2046
59
96
17789764630774469
8796093022208
207
998137144511970
33
227754945473137228
170857695516
7319
7062
3465289532
74
6254422621
48
103
7301695279216
8388608
172
29192
922753420
1614863727363
6543902
233668294
293484
100
931110305
17365669266
234017278897774
997112003234537248
1099511627774
1955336
67
2308357
813190830513656609
2533003374
2097151
67857106653
642417435636455805
188778
17592186044415
134217727
234
494973128056398
99553552
7716
10797041507913
24
61981167759
121
117
151790513608
126
3553573115716
822425049656329176
558007458373715430
2251799813685246
1520244
78
41450934433
805
669224682433051552
162
12587
142207
177596976956635
8095702
268435454
14350544
55
7472681
6319342
11434112347855
56805764558244
99529
824479358749201516
128
17295163
826274687988654991
286092407860516004
47918990011744
990140
2147483646
33554431
58
632294218611309554
1060925985941935
310601532434542248
16382
146986527
842803242
1336
10904025141
970050035305106678
1048576
1490804
2035501905771
241081
4937754
288230376151711742
28393150170553483
16777216
268435455
20604
4294967295
208367051
895967709
6348039411
951505738929523582
2136782862
112
1228973780194036
47062378
589616792736945362
7301039
27938246471891197
294830593
576460752303423486
14
873986214915596069
5572
116
51356
2358153624919
37283
16536
2427
24617631956
1807933170
10811851211642
145134
14260833
3002703512754464
15708564
4398046511104
4194302
7483167553
480
18014398509481984
61
30706368725198274
639324335383583160
597188453657864630
928399171
435666041694
357156
880689610821412816
5
91
140737488355327
68719476734
267746209
804987677577036886
3172403387
735635949280833962
89
900081
130357
870239
43
51259660
27
7876988621221126
1035225085507049
108
694813018028681519
694161517957921
1950279293458
44
118
22
961445180205380248
767683634803925678
928180234953643770
108129508133
542124334454
34331935935
4371080806035532
3329212812129039
144115188075855870
308
48502329640423317
4294967296
8589934592
4194303
354169215581824822
700820011701781173
8
2251799813685248
750534640893771
780
461544
1746604760203
137438953472
137438953471
61288269049677
814677425600
472980888
820878490463789237
2098183507080
353420138
511
23
952217904185263096
8906479512920338
69879
1503284796425140
112077598
1125899906842623
708
796658723786999787
333
1307888958057
1606587579939
980537213216
465776525
25
8589934591
34359738366
80110756893748
2267
12
71063077018777188
332753350926012544
7443985082380369
290369150640
67756557262045495
1125899906842622
210520710056228
357650
1088432030225719
64914525
104
6410947029934
75
6211761256
359522597799
36442
16777215
188243449822974429
435612
647010790054802630
842933696279
60
136337970315
3032
29
1056508040
90
1125899906842624
490925
11773715724
56299399622964434
1233755863
20
11
4094
799852485912060937
718701481968355778
4881197260997615
45
507936873992036649
262143
306317610760294
232273
122268980911708683
27640229731
36028797018963967
214391281419
32
816950258276527159
1332080
2147483648
338871
199
15069791477843212
2
431344359720
9414484175
694656929912
15258
85
18400046
262144
7636
67108864
11894771829
3092074539692605
751679289633367335
2375063901036491
12337011638
536870910
549755813888
41365231
38000870167427308
2175783431
32766
128595161
1685252879762696
28
974414026
92
525109191042873
510
127
80
111239267207524906
16384
16162
81747582790713072
742699003658618729
610405449615854206
1796916433071
459303375921
388531158766606201
576460752303423488
35184372088832
2199023255551
992907761532700888
34359738368
2353359881857
15551649941
4294967294
42587851592
1518055332643434
220109727801852554
2047
292
2016
959424688189390035
617
178765809940557
138554848814912644
1924033786
274877906942
675724705277150282
72057594037927936
115
15
62
3005476482
87
4096
110759353189
94316
899434722308918249
16956508874
3784721171
105784457339
609747407482297721
1174581602
11960998
1024
10432
781180063851979
4840
68284266451806902
935492218991001933
23333454
70368744177662
4503599627370494
131072
500025089
85775
87161
9438893
58874462067012
871680006917122085
5268798
268435456
110
50
672729349409799537
457
15928414115659
32339436
870986124164251564
351483
72057594037927935
8296391089183
8796093022206
17
9007199254740990
629167946711913338
51035813064369671
95
1408
3639
4503599627370495
878098270629274185
117621386
368735572867
2147483647
156334955827998
2224746209866899
4644400950947520
909578994102245259
83
528293549922
34073870
314
16012
6040832062
840686836708724099
3101535945180133
700072617868380414
991228346189007365
821
1778
671179793139534105
612633537512041940
97
4366508148978
31046893878271
3763403391
2199023255552
979079021244968250
1752421931
1878
549755813887
67108863
110088680022694154
30152916764592383
264278560176662238
549755813886
137231573528474465
826503572951221043
1072
16377042
353250492
432160659623018203
72
5401899262260906
289864122257321
98
187944
28127998904931
754605601409790924
66148576
163395881
21205507930996511
944800969
19836950842476991
2097150
8015586006250194
187323
229526
1776
129202720592460715
644977200654490121
144115188075855871
6173
2048
70
888
2886545974351402
1452591453883450
275691896625624844
891004174404055274
13
200
888389711168048330
10944560659972945
203468631106718260
960258765365420893
8191
26435062418
282031353765
26359820145821
112958832
102283
261583695185
73
65535
716325647306625746
634236400812339549
69108
6175278700645
361956268
288230376151711743
4884
524288
718542381969781152
26919277991916
919961855110362
220396639
54
8192
1458408976983858
211657794
176128060613467222
137438953470
140737488355326
140737488355328
4119800
17104
143
17179869183
3166
229832175559
76
37
366770666
44135687518036
1023
2849213080420
4
562949953421310
825983
106
107
615027987510
4398046511103
467367532140164
2260
94
3004
125458
30718065104522
77971989063620
93
60746484575638
147975396706158
70766764012760
805380469632221117
125
7881
22096768
883868689248463657
11453482551497
789964980157864830
3543
8388606
519146528188455
256642899951726
18376422114939250
1022
768085869782000594
642276760578000524
30667720565161136
134217728
19
921825030717236958
270640173583733
76622522
790401291077912664
70368744177664
2199023255550
230045
2602141
46
101
6687553847
638185891872752613
63
846380546827369159
30544814572977
867313571543579399
2463984
7583084777720
9544844841619822
562949953421311
3384047556
53737122690811
304515173201749
1343209084055656
13638803
64
68068483396
360437
667420746244326502
91704
441185
12472
229
49
3465564978062
134217726
1151
32768
47
35
2097152
53
33133455357705
62453071943
1878
1099511627776
1116628104
99
894259027576262177
52
267558837540
554525439678924
56
3105232406348
4384127457058
39818
434
4194304
241435412688
36040761317636
8399310797767582
18
1956334499113
587116
796632
121614364
22093038
1494702
51
35457181
822326134477994362
255
16851257231572150
34
14363
613305852421279554
102
955833830346761810
784187367869407672
192262760086
685708088645348909
125757532
2350681
70368744177663
302834257986131
1073741824
2086942
88
14038442909302
111
2878757
68719476735
45085628979408366
47850094448
119
26
82
109273057669951
31
281474976710656
39
274877906944
744529509545182593
274877906943
40
281474976710654
16777214
858320860
138929750216806
2251799813685247
17127620955
14733
63709456245863712
2399613900133309
2866346955
1221
110071446152
7138434
71
8225158219798954
801659
874739658446490089
5954
57
1099511627775
5641497172113
580724191
5815497552
707625013962684009
5028568944
5479372162264
85233540632736
32767
16
11348981504970939
40559641
26857286835
669603027438
7048549906226
9
651278615029591114
36028797018963968
844626479968333796
836820925546381
30149292858533860
227042
5810672231244
256
663239509783330497
267
4213980541450120
92700013052686
511140168443615661
341669417764500955
114
84
22234
118807762428
260642243889947704
288230376151711744
144115188075855872
16520128883850427
109
722596654241121932
1153106745
7622494118022
3728379349432937
105
23433303
512
1000000000000000000
10038543
1
524287
8388607
17592186044414
36028797018963966
944931710748
55871
6781423465
30192023231562
1073741823
801594401697776396
16383
38
746
751055309766349491
3035
110518948875
21
9007199254740991
561770258574228
111836228331106
882274752422434610
182456655
77
140689128465515
123
16977600038022248
644095859138419298
17179869184
5948328209
54661144602864807
124
8796093022207
1974665731569
35184372088830
18014398509481983
72057594037927934
14103597483143
1048574
32749634407
4503599627370496
54704228
524286
10
113
8975812028
25861286
958772297659
673011859286744339
827964590844207350
51977
1048575
703
118450225
709807021525
68
1633120810
1905296
35184372088831
742732876520412895
254
7433903
160
288
65
742036434264635376
2905163
120
131071
32597365
129991858641771
26596849650265734
42
