307
86
109
43
61
9220
33
32
9452
9750
9065
8926
8224
8495
92
3819
9659
107
114
6665
9009
1836
8947
67
53
1074
8726
4
8639
9489
3867
87
255
9035
486
76
9297
59
9
2
9805
9313
8443
9381
35
40
9731
881
140
5365
28
3322
79
8583
103
1023
6302
120
9304
2399
8251
57
9066
9248
9475
8885
9716
9896
586
9495
8
23
658
200
42
1022
9375
113
8823
45
10
5420
77
902
8337
2958
242
3191
1
39
421
9651
83
681
17
8340
48
72
60
8237
222
227
12
8192
15
9554
22
37
167
74
4095
2795
19
8525
30
117
9721
98
511
8773
6527
46
97
2039
50
8191
36
9181
435
1155
9049
27
64
278
9044
9309
116
44
21
8315
8403
256
2530
47
9007
14
4096
4094
90
9680
8315
16
8304
9440
20
8894
112
2047
55
343
8467
9956
88
8558
122
9692
105
96
8377
75
82
127
52
13
115
26
100
34
81
118
10000
9355
8679
68
3
65
8925
1355
99
18
85
9165
9946
54
111
254
794
435
9186
9220
6898
8877
6
9108
8248
8473
9531
403
9775
7
7027
70
5
25
119
128
125
4631
78
93
110
245
1524
8499
8977
8213
138
11
8548
2046
506
8509
9406
1024
461
1462
8680
9058
104
8226
29
8983
51
9324
63
95
80
101
9309
58
9728
2459
510
31
94
3846
9452
619
2042
106
9753
1303
69
126
174
38
102
9160
938
2048
512
8678
9685
9568
9058
9227
41
9653
9919
8190
9831
9645
123
4857
798
9773
108
9191
89
71
1217
171
634
24
5551
49
56
9313
9068
9822
121
91
73
62
84
124
66
416
