73
5
1000 1000 1000 1000 1000
4
77 334 730 452
4
708 368 760 663
4
728 819 529 296
3
3 610 878
5
467 778 232 772 326
3
1 13 9
4
920 915 242 485
5
872 29 370 838 272
4
292 292 292 292
4
6 13 7 15
4
990 98 695 691
5
690 345 418 478 773
5
391 592 407 707 163
3
938 689 469
5
948 948 948 429 429
4
967 317 810 664
5
437 94 701 662 845
3
970 923 937
5
5 837 101 687 500
5
804 963 963 963 963
3
556 448 340
5
607 882 503 67 766
4
988 976 994 994
4
557 126 557 557
5
432 352 551 21 186
3
1 1 1
5
842 859 773 326 907
5
151 731 631 63 556
3
537 537 537
4
576 576 353 576
5
745 37 442 464 733
3
249 192 263
5
601 827 882 988 39
4
356 206 770 131
5
32 395 32 32 32
4
615 615 615 615
3
490 419 766
4
311 301 27 936
5
175 832 554 395 633
4
490 876 673 534
4
959 280 78 307
4
113 397 997 229
5
507 230 292 740 532
5
269 547 423 170 245
4
946 973 966 968
4
207 871 207 207
3
232 190 786
3
279 662 756
5
1 1 1 1 1
4
397 898 204 465
4
887 173 784 120
3
4 4 3
3
735 735 735
3
490 133 839
5
948 943 977 947 951
5
125 99 590 887 887
4
18 932 15 249
4
268 944 891 656
3
11 8 1
4
611 399 784 121
3
657 130 599
4
267 384 426 903
4
968 808 227 987
3
852 682 150
5
602 978 583 797 288
3
63 612 337
3
252 876 966
3
220 472 123
5
997 952 945 975 977
4
881 678 644 245
4
403 361 512 648
4
2 3 2 3
