100
4 3
3 3 1000
3 3 1000
3 3 1000
3 3 1000
2 1
1 1 190
1 1 377
7 1
1 1 846
1 1 71
1 1 582
1 1 205
1 1 531
1 1 134
1 1 697
1 8
2 7 69
5 5
3 3 901
2 1 387
5 2 20
2 5 481
4 4 223
7 6
6 2 884
5 6 949
2 3 559
3 5 303
2 5 62
4 5 248
4 2 199
6 1
1 1 1000
1 1 1000
1 1 1000
1 1 1000
1 1 1000
1 1 1000
4 8
6 6 974
8 6 455
3 1 22
5 6 573
5 8
5 1 164
7 6 786
3 8 781
3 1 108
2 3 973
2 4
4 3 770
4 3 699
8 2
2 2 1000
2 2 1000
2 2 1000
2 2 1000
2 2 1000
2 2 1000
2 2 1000
2 2 1000
6 6
3 1 484
2 2 483
2 6 847
4 3 317
2 4 876
6 1 228
3 3
1 2 515
2 2 918
2 3 868
8 5
3 2 726
4 4 369
2 1 471
5 5 92
2 2 398
5 4 219
3 5 348
5 4 664
5 6
3 1 50
6 4 158
4 5 280
4 5 952
1 1 570
8 5
1 4 526
4 5 943
1 2 908
5 2 495
1 5 247
5 2 145
3 5 975
2 5 524
8 8
8 1 1000
8 1 1000
8 1 1000
8 1 1000
8 1 1000
8 1 1000
8 1 1000
8 1 1000
3 2
2 2 972
2 1 609
2 2 188
4 7
7 7 1000
7 7 1000
7 7 1000
7 7 1000
8 8
1 8 1000
1 8 1000
1 8 1000
1 8 1000
1 8 1000
1 8 1000
1 8 1000
1 8 1000
5 1
1 1 472
1 1 438
1 1 18
1 1 874
1 1 936
3 4
3 3 603
2 2 944
4 4 419
8 8
7 8 123
6 8 14
8 7 217
8 7 785
6 8 752
8 5 178
8 7 517
8 5 580
6 7
4 6 372
6 6 319
6 4 7
6 4 912
5 4 76
4 5 496
2 1
1 1 729
1 1 395
1 3
3 3 1000
7 2
2 2 823
2 2 356
1 2 552
2 1 931
1 1 475
2 2 674
1 1 883
5 1
1 1 107
1 1 89
1 1 817
1 1 317
1 1 402
6 4
1 2 680
1 1 641
2 3 246
1 4 898
3 1 962
4 4 395
8 2
1 1 171
2 2 565
1 2 190
1 1 363
2 2 950
2 1 847
2 2 684
2 1 148
7 8
6 6 772
6 6 663
5 5 699
5 8 630
6 5 991
8 5 176
5 8 845
4 5
5 4 587
3 3 980
3 1 733
1 3 49
3 1
1 1 619
1 1 265
1 1 993
8 8
1 7 7
1 5 5
1 2 2
1 4 4
1 3 3
1 6 6
8 8 1000
1 1 1
5 4
1 1 962
4 1 619
4 2 333
3 1 897
2 1 934
8 8
6 5 587
5 7 367
5 8 361
8 7 165
7 5 542
5 6 8
6 5 168
6 7 254
2 6
6 6 1000
6 6 1000
3 2
2 1 145
2 2 849
1 1 206
3 1
1 1 673
1 1 459
1 1 594
4 2
1 1 848
1 1 228
1 1 932
2 2 481
3 5
2 4 767
4 3 809
5 1 106
6 4
2 1 500
1 1 636
2 1 879
2 1 914
2 1 716
1 1 254
8 8
7 5 587
7 1 888
8 4 462
8 2 625
3 5 508
1 4 611
8 6 505
4 2 792
8 8
1 3 998
1 4 997
1 1 1000
1 6 995
1 7 994
1 5 996
1 8 993
1 2 999
8 5
3 5 947
3 2 60
3 3 7
1 4 919
5 1 142
5 4 213
1 4 657
2 4 207
4 5
1 4 722
2 2 713
5 4 869
4 4 10
4 1
1 1 305
1 1 428
1 1 768
1 1 57
4 5
5 1 310
3 3 677
5 1 182
1 3 223
2 7
4 4 588
3 4 717
5 4
3 2 468
2 2 267
4 4 130
3 3 353
4 1 300
1 1
1 1 1
3 8
8 4 249
2 8 136
2 1 724
7 5
4 5 691
4 2 55
1 3 870
3 4 552
3 2 17
3 5 38
5 3 218
4 4
1 2 609
3 4 190
3 3 500
2 1 75
7 6
6 4 591
4 4 471
4 6 502
6 5 294
4 5 380
5 5 634
4 4 844
4 4
2 3 878
2 3 509
1 4 143
4 4 92
6 3
1 2 384
1 1 793
1 1 413
3 2 873
1 3 364
1 2 95
2 2
1 2 736
2 2 179
7 2
2 1 601
2 2 117
2 1 444
2 2 595
2 2 113
1 2 722
1 1 338
5 7
1 4 680
2 6 87
4 4 968
7 5 912
1 2 209
8 3
2 2 535
1 3 677
1 2 142
3 1 119
3 3 103
2 2 232
3 3 427
1 1 152
8 8
1 6 6
1 2 2
1 3 3
1 1 1
1 8 8
1 5 5
1 7 7
1 4 4
4 5
5 4 350
5 1 908
5 5 747
5 1 863
3 3
2 2 627
1 1 634
2 1 494
2 5
1 4 775
3 4 659
1 5
2 5 798
2 5
5 5 1000
5 5 1000
2 3
3 1 517
1 3 637
6 4
1 3 815
2 3 796
3 1 133
3 3 883
1 4 1000
2 2 364
1 8
5 4 61
3 6
1 1 344
2 5 476
6 5 866
6 7
4 6 872
5 5 19
5 4 997
5 4 224
6 5 313
4 5 932
2 5
3 5 529
2 1 867
8 8
8 8 1000
8 8 1000
8 8 1000
8 8 1000
8 8 1000
8 8 1000
8 8 1000
8 8 1000
3 3
1 3 247
3 2 927
2 3 373
5 3
2 3 119
1 3 497
3 2 984
3 1 203
1 2 498
6 2
1 2 277
2 1 338
1 1 316
2 2 208
1 2 889
1 2 771
6 3
2 2 761
3 1 633
2 2 339
3 1 704
2 2 525
3 1 232
8 6
3 1 96
2 6 631
2 6 975
3 1 934
5 6 632
1 6 171
2 1 26
4 1 232
2 8
6 8 954
2 5 98
6 8
1 4 848
4 3 744
5 4 403
2 5 230
4 3 56
4 1 716
6 5
3 2 862
3 5 16
1 2 211
5 4 466
4 1 663
3 3 69
8 5
5 2 294
4 1 743
2 3 777
1 3 727
1 1 716
3 4 942
3 1 16
1 3 858
7 6
4 5 376
6 4 815
5 4 82
4 4 419
6 6 309
6 4 340
6 5 71
7 2
1 2 536
2 1 741
1 2 643
2 1 397
2 2 887
2 1 211
2 2 778
7 6
6 6 516
4 6 783
6 4 231
4 4 522
5 4 769
6 5 140
5 6 679
8 6
3 1 772
2 3 345
4 6 60
4 5 246
1 1 169
5 4 98
2 5 49
3 5 747
3 8
6 6 403
7 6 630
1 6 897
5 5
4 4 487
2 2 82
3 1 889
4 4 983
1 4 418
5 4
4 4 1000
4 4 1000
4 4 1000
4 4 1000
4 4 1000
1 4
3 1 288
8 7
4 6 363
4 6 681
4 5 305
4 4 318
6 5 734
6 5 205
5 5 950
5 5 351
8 2
2 1 414
2 2 605
1 1 162
2 1 956
1 1 282
2 1 44
2 2 366
2 2 79
1 1
1 1 1000
5 2
2 1 895
1 1 809
1 1 417
1 2 171
2 2 375
7 8
8 6 246
7 8 470
5 8 572
7 8 266
6 6 228
7 8 470
5 5 569
3 6
3 2 471
5 2 511
6 6 353
8 4
4 1 273
2 2 628
1 2 62
2 1 195
3 1 418
3 1 438
2 3 147
3 1 869
1 4
4 4 1000
8 4
4 4 370
4 4 554
4 4 223
4 4 351
4 4 632
4 4 741
4 4 502
4 4 139
